22.0 20.0 19.0 0.0 0.0 0.0
22.0 22.0 19.0 0.0 0.0 0.0
22.0 23.0 19.0 0.0 0.0 0.0
30.0 23.0 21.0 0.0 0.0 0.0
31.0 23.0 21.0 0.0 0.0 0.0
32.0 26.0 20.0 0.0 0.0 0.0
31.0 26.0 20.0 0.0 0.0 0.0
38.0 27.0 15.0 0.0 0.0 0.0
39.0 27.0 15.0 0.0 0.0 0.0
40.0 27.0 16.0 0.0 0.0 0.0
41.0 27.0 16.0 0.0 0.0 0.0
43.0 27.0 17.0 0.0 0.0 0.0
40.0 27.0 15.0 0.0 0.0 0.0
40.0 27.0 17.0 0.0 0.0 0.0
36.0 27.0 16.0 0.0 0.0 0.0
37.0 27.0 16.0 0.0 0.0 0.0
38.0 27.0 16.0 0.0 0.0 0.0
42.0 27.0 17.0 0.0 0.0 0.0
35.0 27.0 16.0 0.0 0.0 0.0
41.0 27.0 17.0 0.0 0.0 0.0
39.0 27.0 16.0 0.0 0.0 0.0
42.0 27.0 16.0 0.0 0.0 0.0
39.0 27.0 17.0 0.0 0.0 0.0
34.0 27.0 16.0 0.0 0.0 0.0
40.0 27.0 18.0 0.0 0.0 0.0
41.0 27.0 18.0 0.0 0.0 0.0
39.0 27.0 18.0 0.0 0.0 0.0
35.0 27.0 17.0 0.0 0.0 0.0
36.0 27.0 17.0 0.0 0.0 0.0
37.0 27.0 17.0 0.0 0.0 0.0
38.0 27.0 17.0 0.0 0.0 0.0
38.0 27.0 18.0 0.0 0.0 0.0
37.0 27.0 18.0 0.0 0.0 0.0
37.0 27.0 19.0 0.0 0.0 0.0
36.0 27.0 19.0 0.0 0.0 0.0
38.0 27.0 19.0 0.0 0.0 0.0
36.0 27.0 18.0 0.0 0.0 0.0
32.0 28.0 16.0 0.0 0.0 0.0
29.0 28.0 14.0 0.0 0.0 0.0
30.0 28.0 15.0 0.0 0.0 0.0
31.0 28.0 15.0 0.0 0.0 0.0
30.0 28.0 14.0 0.0 0.0 0.0
29.0 28.0 15.0 0.0 0.0 0.0
32.0 28.0 15.0 0.0 0.0 0.0
31.0 28.0 16.0 0.0 0.0 0.0
31.0 28.0 14.0 0.0 0.0 0.0
29.0 28.0 16.0 0.0 0.0 0.0
30.0 28.0 16.0 0.0 0.0 0.0
29.0 28.0 17.0 0.0 0.0 0.0
30.0 28.0 17.0 0.0 0.0 0.0
32.0 28.0 17.0 0.0 0.0 0.0
31.0 28.0 17.0 0.0 0.0 0.0
29.0 28.0 18.0 0.0 0.0 0.0
30.0 28.0 18.0 0.0 0.0 0.0
31.0 28.0 18.0 0.0 0.0 0.0
32.0 28.0 18.0 0.0 0.0 0.0
29.0 29.0 14.0 0.0 0.0 0.0
30.0 29.0 14.0 0.0 0.0 0.0
29.0 29.0 15.0 0.0 0.0 0.0
30.0 29.0 15.0 0.0 0.0 0.0
31.0 29.0 14.0 0.0 0.0 0.0
31.0 29.0 15.0 0.0 0.0 0.0
20.0 31.0 16.0 0.0 0.0 0.0
20.0 31.0 17.0 0.0 0.0 0.0
34.0 31.0 16.0 0.0 0.0 0.0
15.0 32.0 22.0 0.0 0.0 0.0
35.0 32.0 16.0 0.0 0.0 0.0
27.0 32.0 16.0 0.0 0.0 0.0
17.0 32.0 19.0 0.0 0.0 0.0
14.0 32.0 23.0 0.0 0.0 0.0
15.0 32.0 23.0 0.0 0.0 0.0
27.0 32.0 17.0 0.0 0.0 0.0
20.0 32.0 18.0 0.0 0.0 0.0
16.0 32.0 20.0 0.0 0.0 0.0
17.0 32.0 20.0 0.0 0.0 0.0
26.0 32.0 17.0 0.0 0.0 0.0
14.0 32.0 25.0 0.0 0.0 0.0
16.0 32.0 21.0 0.0 0.0 0.0
34.0 32.0 16.0 0.0 0.0 0.0
20.0 32.0 19.0 0.0 0.0 0.0
21.0 32.0 12.0 0.0 0.0 0.0
16.0 32.0 23.0 0.0 0.0 0.0
23.0 32.0 12.0 0.0 0.0 0.0
32.0 32.0 17.0 0.0 0.0 0.0
34.0 32.0 17.0 0.0 0.0 0.0
22.0 32.0 12.0 0.0 0.0 0.0
24.0 32.0 12.0 0.0 0.0 0.0
25.0 32.0 12.0 0.0 0.0 0.0
16.0 32.0 22.0 0.0 0.0 0.0
14.0 32.0 24.0 0.0 0.0 0.0
26.0 32.0 12.0 0.0 0.0 0.0
27.0 32.0 12.0 0.0 0.0 0.0
35.0 32.0 12.0 0.0 0.0 0.0
28.0 32.0 12.0 0.0 0.0 0.0
30.0 32.0 12.0 0.0 0.0 0.0
18.0 32.0 17.0 0.0 0.0 0.0
26.0 32.0 18.0 0.0 0.0 0.0
27.0 32.0 18.0 0.0 0.0 0.0
17.0 32.0 21.0 0.0 0.0 0.0
32.0 32.0 12.0 0.0 0.0 0.0
33.0 32.0 12.0 0.0 0.0 0.0
32.0 32.0 18.0 0.0 0.0 0.0
29.0 32.0 12.0 0.0 0.0 0.0
36.0 32.0 12.0 0.0 0.0 0.0
31.0 32.0 12.0 0.0 0.0 0.0
20.0 32.0 13.0 0.0 0.0 0.0
34.0 32.0 12.0 0.0 0.0 0.0
35.0 32.0 11.0 0.0 0.0 0.0
21.0 32.0 13.0 0.0 0.0 0.0
22.0 32.0 13.0 0.0 0.0 0.0
23.0 32.0 13.0 0.0 0.0 0.0
38.0 32.0 13.0 0.0 0.0 0.0
24.0 32.0 13.0 0.0 0.0 0.0
25.0 32.0 13.0 0.0 0.0 0.0
26.0 32.0 13.0 0.0 0.0 0.0
27.0 32.0 13.0 0.0 0.0 0.0
28.0 32.0 13.0 0.0 0.0 0.0
38.0 32.0 14.0 0.0 0.0 0.0
29.0 32.0 13.0 0.0 0.0 0.0
36.0 32.0 13.0 0.0 0.0 0.0
37.0 32.0 13.0 0.0 0.0 0.0
31.0 32.0 13.0 0.0 0.0 0.0
32.0 32.0 13.0 0.0 0.0 0.0
30.0 32.0 13.0 0.0 0.0 0.0
34.0 32.0 18.0 0.0 0.0 0.0
33.0 32.0 13.0 0.0 0.0 0.0
35.0 32.0 13.0 0.0 0.0 0.0
26.0 32.0 19.0 0.0 0.0 0.0
27.0 32.0 19.0 0.0 0.0 0.0
32.0 32.0 19.0 0.0 0.0 0.0
20.0 32.0 14.0 0.0 0.0 0.0
30.0 32.0 14.0 0.0 0.0 0.0
31.0 32.0 14.0 0.0 0.0 0.0
23.0 32.0 14.0 0.0 0.0 0.0
24.0 32.0 14.0 0.0 0.0 0.0
25.0 32.0 14.0 0.0 0.0 0.0
21.0 32.0 14.0 0.0 0.0 0.0
22.0 32.0 14.0 0.0 0.0 0.0
34.0 32.0 13.0 0.0 0.0 0.0
35.0 32.0 18.0 0.0 0.0 0.0
18.0 32.0 22.0 0.0 0.0 0.0
20.0 32.0 15.0 0.0 0.0 0.0
19.0 32.0 18.0 0.0 0.0 0.0
26.0 32.0 14.0 0.0 0.0 0.0
27.0 32.0 14.0 0.0 0.0 0.0
28.0 32.0 14.0 0.0 0.0 0.0
29.0 32.0 14.0 0.0 0.0 0.0
17.0 32.0 22.0 0.0 0.0 0.0
19.0 32.0 19.0 0.0 0.0 0.0
37.0 32.0 14.0 0.0 0.0 0.0
32.0 32.0 14.0 0.0 0.0 0.0
30.0 32.0 15.0 0.0 0.0 0.0
33.0 32.0 14.0 0.0 0.0 0.0
26.0 32.0 21.0 0.0 0.0 0.0
31.0 32.0 15.0 0.0 0.0 0.0
32.0 32.0 15.0 0.0 0.0 0.0
33.0 32.0 15.0 0.0 0.0 0.0
34.0 32.0 19.0 0.0 0.0 0.0
21.0 32.0 16.0 0.0 0.0 0.0
26.0 32.0 20.0 0.0 0.0 0.0
17.0 32.0 18.0 0.0 0.0 0.0
18.0 32.0 18.0 0.0 0.0 0.0
31.0 32.0 19.0 0.0 0.0 0.0
35.0 32.0 19.0 0.0 0.0 0.0
36.0 32.0 14.0 0.0 0.0 0.0
32.0 32.0 20.0 0.0 0.0 0.0
35.0 32.0 14.0 0.0 0.0 0.0
31.0 32.0 20.0 0.0 0.0 0.0
17.0 32.0 23.0 0.0 0.0 0.0
18.0 32.0 23.0 0.0 0.0 0.0
34.0 32.0 14.0 0.0 0.0 0.0
21.0 32.0 15.0 0.0 0.0 0.0
22.0 32.0 15.0 0.0 0.0 0.0
23.0 32.0 15.0 0.0 0.0 0.0
24.0 32.0 15.0 0.0 0.0 0.0
25.0 32.0 15.0 0.0 0.0 0.0
30.0 32.0 16.0 0.0 0.0 0.0
19.0 32.0 20.0 0.0 0.0 0.0
22.0 32.0 16.0 0.0 0.0 0.0
17.0 32.0 24.0 0.0 0.0 0.0
26.0 32.0 15.0 0.0 0.0 0.0
27.0 32.0 15.0 0.0 0.0 0.0
28.0 32.0 15.0 0.0 0.0 0.0
34.0 32.0 15.0 0.0 0.0 0.0
35.0 32.0 15.0 0.0 0.0 0.0
29.0 32.0 15.0 0.0 0.0 0.0
31.0 32.0 16.0 0.0 0.0 0.0
32.0 32.0 16.0 0.0 0.0 0.0
33.0 32.0 16.0 0.0 0.0 0.0
17.0 32.0 25.0 0.0 0.0 0.0
23.0 32.0 17.0 0.0 0.0 0.0
18.0 32.0 20.0 0.0 0.0 0.0
18.0 32.0 25.0 0.0 0.0 0.0
22.0 32.0 17.0 0.0 0.0 0.0
24.0 32.0 17.0 0.0 0.0 0.0
25.0 32.0 17.0 0.0 0.0 0.0
18.0 32.0 19.0 0.0 0.0 0.0
20.0 32.0 23.0 0.0 0.0 0.0
30.0 32.0 17.0 0.0 0.0 0.0
19.0 32.0 21.0 0.0 0.0 0.0
23.0 32.0 16.0 0.0 0.0 0.0
24.0 32.0 16.0 0.0 0.0 0.0
25.0 32.0 16.0 0.0 0.0 0.0
20.0 32.0 20.0 0.0 0.0 0.0
21.0 32.0 18.0 0.0 0.0 0.0
28.0 32.0 17.0 0.0 0.0 0.0
35.0 32.0 17.0 0.0 0.0 0.0
23.0 32.0 18.0 0.0 0.0 0.0
24.0 32.0 18.0 0.0 0.0 0.0
25.0 32.0 18.0 0.0 0.0 0.0
18.0 32.0 24.0 0.0 0.0 0.0
33.0 32.0 18.0 0.0 0.0 0.0
29.0 32.0 17.0 0.0 0.0 0.0
26.0 32.0 16.0 0.0 0.0 0.0
28.0 32.0 16.0 0.0 0.0 0.0
29.0 32.0 16.0 0.0 0.0 0.0
18.0 32.0 21.0 0.0 0.0 0.0
18.0 32.0 26.0 0.0 0.0 0.0
28.0 32.0 18.0 0.0 0.0 0.0
20.0 32.0 21.0 0.0 0.0 0.0
31.0 32.0 17.0 0.0 0.0 0.0
33.0 32.0 17.0 0.0 0.0 0.0
22.0 32.0 18.0 0.0 0.0 0.0
20.0 32.0 22.0 0.0 0.0 0.0
29.0 32.0 18.0 0.0 0.0 0.0
30.0 32.0 18.0 0.0 0.0 0.0
19.0 32.0 22.0 0.0 0.0 0.0
23.0 32.0 20.0 0.0 0.0 0.0
22.0 32.0 19.0 0.0 0.0 0.0
23.0 32.0 19.0 0.0 0.0 0.0
24.0 32.0 19.0 0.0 0.0 0.0
25.0 32.0 19.0 0.0 0.0 0.0
30.0 32.0 20.0 0.0 0.0 0.0
16.0 32.0 24.0 0.0 0.0 0.0
33.0 32.0 19.0 0.0 0.0 0.0
29.0 32.0 20.0 0.0 0.0 0.0
19.0 32.0 23.0 0.0 0.0 0.0
24.0 32.0 21.0 0.0 0.0 0.0
31.0 32.0 18.0 0.0 0.0 0.0
28.0 32.0 19.0 0.0 0.0 0.0
29.0 32.0 21.0 0.0 0.0 0.0
30.0 32.0 21.0 0.0 0.0 0.0
29.0 32.0 19.0 0.0 0.0 0.0
30.0 32.0 19.0 0.0 0.0 0.0
20.0 32.0 24.0 0.0 0.0 0.0
25.0 32.0 21.0 0.0 0.0 0.0
19.0 32.0 24.0 0.0 0.0 0.0
24.0 32.0 20.0 0.0 0.0 0.0
25.0 32.0 20.0 0.0 0.0 0.0
28.0 32.0 21.0 0.0 0.0 0.0
27.0 32.0 20.0 0.0 0.0 0.0
24.0 32.0 22.0 0.0 0.0 0.0
25.0 32.0 22.0 0.0 0.0 0.0
33.0 32.0 20.0 0.0 0.0 0.0
28.0 32.0 20.0 0.0 0.0 0.0
19.0 32.0 25.0 0.0 0.0 0.0
20.0 32.0 25.0 0.0 0.0 0.0
24.0 32.0 23.0 0.0 0.0 0.0
27.0 32.0 21.0 0.0 0.0 0.0
26.0 32.0 22.0 0.0 0.0 0.0
27.0 32.0 22.0 0.0 0.0 0.0
21.0 20.0 19.0 0.0 0.0 0.0
22.0 20.0 20.0 0.0 0.0 0.0
21.0 22.0 19.0 0.0 0.0 0.0
22.0 22.0 20.0 0.0 0.0 0.0
21.0 23.0 19.0 0.0 0.0 0.0
22.0 23.0 20.0 0.0 0.0 0.0
29.0 23.0 21.0 0.0 0.0 0.0
30.0 23.0 22.0 0.0 0.0 0.0
31.0 23.0 22.0 0.0 0.0 0.0
32.0 26.0 21.0 0.0 0.0 0.0
30.0 26.0 20.0 0.0 0.0 0.0
31.0 26.0 21.0 0.0 0.0 0.0
37.0 27.0 15.0 0.0 0.0 0.0
43.0 27.0 18.0 0.0 0.0 0.0
42.0 27.0 18.0 0.0 0.0 0.0
33.0 27.0 16.0 0.0 0.0 0.0
34.0 27.0 17.0 0.0 0.0 0.0
40.0 27.0 19.0 0.0 0.0 0.0
41.0 27.0 19.0 0.0 0.0 0.0
39.0 27.0 19.0 0.0 0.0 0.0
34.0 27.0 17.0 0.0 0.0 0.0
35.0 27.0 18.0 0.0 0.0 0.0
37.0 27.0 20.0 0.0 0.0 0.0
35.0 27.0 19.0 0.0 0.0 0.0
36.0 27.0 20.0 0.0 0.0 0.0
38.0 27.0 20.0 0.0 0.0 0.0
35.0 27.0 18.0 0.0 0.0 0.0
28.0 28.0 14.0 0.0 0.0 0.0
28.0 28.0 15.0 0.0 0.0 0.0
28.0 28.0 16.0 0.0 0.0 0.0
28.0 28.0 17.0 0.0 0.0 0.0
28.0 28.0 18.0 0.0 0.0 0.0
29.0 28.0 19.0 0.0 0.0 0.0
30.0 28.0 19.0 0.0 0.0 0.0
31.0 28.0 19.0 0.0 0.0 0.0
32.0 28.0 19.0 0.0 0.0 0.0
28.0 29.0 14.0 0.0 0.0 0.0
28.0 29.0 15.0 0.0 0.0 0.0
29.0 29.0 16.0 0.0 0.0 0.0
30.0 29.0 16.0 0.0 0.0 0.0
31.0 29.0 16.0 0.0 0.0 0.0
19.0 31.0 16.0 0.0 0.0 0.0
19.0 31.0 17.0 0.0 0.0 0.0
20.0 31.0 18.0 0.0 0.0 0.0
33.0 31.0 16.0 0.0 0.0 0.0
34.0 31.0 17.0 0.0 0.0 0.0
14.0 32.0 22.0 0.0 0.0 0.0
16.0 32.0 19.0 0.0 0.0 0.0
13.0 32.0 23.0 0.0 0.0 0.0
15.0 32.0 24.0 0.0 0.0 0.0
15.0 32.0 20.0 0.0 0.0 0.0
13.0 32.0 25.0 0.0 0.0 0.0
14.0 32.0 26.0 0.0 0.0 0.0
15.0 32.0 21.0 0.0 0.0 0.0
20.0 32.0 12.0 0.0 0.0 0.0
13.0 32.0 24.0 0.0 0.0 0.0
17.0 32.0 17.0 0.0 0.0 0.0
19.0 32.0 13.0 0.0 0.0 0.0
34.0 32.0 11.0 0.0 0.0 0.0
38.0 32.0 15.0 0.0 0.0 0.0
19.0 32.0 14.0 0.0 0.0 0.0
19.0 32.0 15.0 0.0 0.0 0.0
20.0 32.0 16.0 0.0 0.0 0.0
37.0 32.0 15.0 0.0 0.0 0.0
34.0 32.0 20.0 0.0 0.0 0.0
20.0 32.0 16.0 0.0 0.0 0.0
21.0 32.0 17.0 0.0 0.0 0.0
16.0 32.0 18.0 0.0 0.0 0.0
35.0 32.0 20.0 0.0 0.0 0.0
36.0 32.0 15.0 0.0 0.0 0.0
32.0 32.0 21.0 0.0 0.0 0.0
31.0 32.0 21.0 0.0 0.0 0.0
16.0 32.0 25.0 0.0 0.0 0.0
17.0 32.0 26.0 0.0 0.0 0.0
21.0 32.0 17.0 0.0 0.0 0.0
21.0 32.0 19.0 0.0 0.0 0.0
17.0 32.0 26.0 0.0 0.0 0.0
18.0 32.0 27.0 0.0 0.0 0.0
22.0 32.0 20.0 0.0 0.0 0.0
23.0 32.0 21.0 0.0 0.0 0.0
21.0 32.0 19.0 0.0 0.0 0.0
22.0 32.0 20.0 0.0 0.0 0.0
15.0 32.0 24.0 0.0 0.0 0.0
16.0 32.0 25.0 0.0 0.0 0.0
23.0 32.0 21.0 0.0 0.0 0.0
29.0 32.0 22.0 0.0 0.0 0.0
30.0 32.0 22.0 0.0 0.0 0.0
28.0 32.0 22.0 0.0 0.0 0.0
23.0 32.0 22.0 0.0 0.0 0.0
25.0 32.0 23.0 0.0 0.0 0.0
33.0 32.0 21.0 0.0 0.0 0.0
19.0 32.0 26.0 0.0 0.0 0.0
20.0 32.0 26.0 0.0 0.0 0.0
23.0 32.0 23.0 0.0 0.0 0.0
24.0 32.0 24.0 0.0 0.0 0.0
26.0 32.0 23.0 0.0 0.0 0.0
27.0 32.0 23.0 0.0 0.0 0.0
