24 35 59 0 0 0
23 35 60 0 0 0
23 36 60 0 0 0
24 36 60 0 0 0
23 36 61 0 0 0
31 38 57 0 0 0
36 39 56 0 0 0
24 37 60 0 0 0
24 39 59 0 0 0
32 39 57 0 0 0
31 39 58 0 0 0
23 37 60 0 0 0
24 38 60 0 0 0
23 38 60 0 0 0
24 40 59 0 0 0
32 40 57 0 0 0
37 40 56 0 0 0
36 40 56 0 0 0
43 42 39 0 0 0
44 42 41 0 0 0
47 41 49 0 0 0
47 42 49 0 0 0
43 43 39 0 0 0
44 43 41 0 0 0
43 44 39 0 0 0
44 44 41 0 0 0
47 43 49 0 0 0
43 45 39 0 0 0
47 44 49 0 0 0
44 45 41 0 0 0
47 45 49 0 0 0
43 46 39 0 0 0
85 47 38 0 0 0
78 47 40 0 0 0
47 46 49 0 0 0
44 47 41 0 0 0
44 48 41 0 0 0
47 47 49 0 0 0
44 49 41 0 0 0
47 49 49 0 0 0
44 51 41 0 0 0
44 52 41 0 0 0
44 53 41 0 0 0
63 53 42 0 0 0
53 53 41 0 0 0
44 54 41 0 0 0
63 54 42 0 0 0
65 55 33 0 0 0
55 56 31 0 0 0
44 55 41 0 0 0
54 56 39 0 0 0
61 57 30 0 0 0
60 57 31 0 0 0
65 57 32 0 0 0
55 57 31 0 0 0
39 58 33 0 0 0
55 58 30 0 0 0
55 58 31 0 0 0
65 58 32 0 0 0
39 59 33 0 0 0
55 59 31 0 0 0
39 60 33 0 0 0
39 61 33 0 0 0
70 59 43 0 0 0
39 62 33 0 0 0
39 63 32 0 0 0
41 63 38 0 0 0
24 35 58 0 0 0
24 34 59 0 0 0
23 35 59 0 0 0
25 35 59 0 0 0
24 36 59 0 0 0
24 35 60 0 0 0
23 35 59 0 0 0
23 34 60 0 0 0
22 35 60 0 0 0
24 35 60 0 0 0
23 35 61 0 0 0
23 36 59 0 0 0
22 36 60 0 0 0
24 36 59 0 0 0
24 35 60 0 0 0
25 36 60 0 0 0
24 36 61 0 0 0
23 35 61 0 0 0
22 36 61 0 0 0
24 36 61 0 0 0
23 37 61 0 0 0
23 36 62 0 0 0
31 38 56 0 0 0
31 37 57 0 0 0
30 38 57 0 0 0
32 38 57 0 0 0
31 39 57 0 0 0
31 38 58 0 0 0
36 39 55 0 0 0
36 38 56 0 0 0
35 39 56 0 0 0
37 39 56 0 0 0
36 39 57 0 0 0
24 37 59 0 0 0
25 37 60 0 0 0
24 37 61 0 0 0
24 39 58 0 0 0
24 38 59 0 0 0
23 39 59 0 0 0
25 39 59 0 0 0
24 39 60 0 0 0
32 39 56 0 0 0
32 38 57 0 0 0
31 39 57 0 0 0
33 39 57 0 0 0
32 39 58 0 0 0
31 39 57 0 0 0
31 38 58 0 0 0
30 39 58 0 0 0
32 39 58 0 0 0
31 40 58 0 0 0
31 39 59 0 0 0
23 37 59 0 0 0
22 37 60 0 0 0
23 37 61 0 0 0
24 38 59 0 0 0
25 38 60 0 0 0
24 39 60 0 0 0
24 38 61 0 0 0
23 38 59 0 0 0
22 38 60 0 0 0
23 39 60 0 0 0
23 38 61 0 0 0
24 40 58 0 0 0
23 40 59 0 0 0
25 40 59 0 0 0
24 41 59 0 0 0
24 40 60 0 0 0
32 40 56 0 0 0
31 40 57 0 0 0
33 40 57 0 0 0
32 41 57 0 0 0
32 40 58 0 0 0
37 40 55 0 0 0
37 39 56 0 0 0
38 40 56 0 0 0
37 41 56 0 0 0
37 40 57 0 0 0
36 40 55 0 0 0
35 40 56 0 0 0
36 41 56 0 0 0
36 40 57 0 0 0
43 42 38 0 0 0
43 41 39 0 0 0
42 42 39 0 0 0
44 42 39 0 0 0
43 42 40 0 0 0
44 42 40 0 0 0
44 41 41 0 0 0
43 42 41 0 0 0
45 42 41 0 0 0
44 42 42 0 0 0
47 41 48 0 0 0
47 40 49 0 0 0
46 41 49 0 0 0
48 41 49 0 0 0
47 41 50 0 0 0
47 42 48 0 0 0
46 42 49 0 0 0
48 42 49 0 0 0
47 42 50 0 0 0
43 43 38 0 0 0
42 43 39 0 0 0
44 43 39 0 0 0
43 43 40 0 0 0
44 43 40 0 0 0
43 43 41 0 0 0
45 43 41 0 0 0
44 43 42 0 0 0
43 44 38 0 0 0
42 44 39 0 0 0
44 44 39 0 0 0
43 44 40 0 0 0
44 44 40 0 0 0
43 44 41 0 0 0
45 44 41 0 0 0
44 44 42 0 0 0
47 43 48 0 0 0
46 43 49 0 0 0
48 43 49 0 0 0
47 43 50 0 0 0
43 45 38 0 0 0
42 45 39 0 0 0
44 45 39 0 0 0
43 45 40 0 0 0
47 44 48 0 0 0
46 44 49 0 0 0
48 44 49 0 0 0
47 44 50 0 0 0
44 45 40 0 0 0
43 45 41 0 0 0
45 45 41 0 0 0
44 46 41 0 0 0
44 45 42 0 0 0
47 45 48 0 0 0
46 45 49 0 0 0
48 45 49 0 0 0
47 45 50 0 0 0
43 46 38 0 0 0
42 46 39 0 0 0
44 46 39 0 0 0
43 47 39 0 0 0
43 46 40 0 0 0
85 47 37 0 0 0
85 46 38 0 0 0
84 47 38 0 0 0
86 47 38 0 0 0
85 48 38 0 0 0
85 47 39 0 0 0
78 47 39 0 0 0
78 46 40 0 0 0
77 47 40 0 0 0
79 47 40 0 0 0
78 48 40 0 0 0
78 47 41 0 0 0
47 46 48 0 0 0
46 46 49 0 0 0
48 46 49 0 0 0
47 46 50 0 0 0
44 47 40 0 0 0
44 46 41 0 0 0
43 47 41 0 0 0
45 47 41 0 0 0
44 47 42 0 0 0
44 48 40 0 0 0
43 48 41 0 0 0
45 48 41 0 0 0
44 48 42 0 0 0
47 47 48 0 0 0
46 47 49 0 0 0
48 47 49 0 0 0
47 48 49 0 0 0
47 47 50 0 0 0
44 49 40 0 0 0
43 49 41 0 0 0
45 49 41 0 0 0
44 50 41 0 0 0
44 49 42 0 0 0
47 49 48 0 0 0
47 48 49 0 0 0
46 49 49 0 0 0
48 49 49 0 0 0
47 50 49 0 0 0
47 49 50 0 0 0
44 51 40 0 0 0
44 50 41 0 0 0
43 51 41 0 0 0
45 51 41 0 0 0
44 51 42 0 0 0
44 52 40 0 0 0
43 52 41 0 0 0
45 52 41 0 0 0
44 52 42 0 0 0
44 53 40 0 0 0
43 53 41 0 0 0
45 53 41 0 0 0
44 53 42 0 0 0
63 53 41 0 0 0
63 52 42 0 0 0
62 53 42 0 0 0
64 53 42 0 0 0
63 53 43 0 0 0
53 53 40 0 0 0
53 52 41 0 0 0
52 53 41 0 0 0
54 53 41 0 0 0
53 54 41 0 0 0
53 53 42 0 0 0
44 54 40 0 0 0
43 54 41 0 0 0
45 54 41 0 0 0
44 54 42 0 0 0
63 54 41 0 0 0
62 54 42 0 0 0
64 54 42 0 0 0
63 55 42 0 0 0
63 54 43 0 0 0
65 55 32 0 0 0
65 54 33 0 0 0
64 55 33 0 0 0
66 55 33 0 0 0
65 56 33 0 0 0
65 55 34 0 0 0
55 56 30 0 0 0
55 55 31 0 0 0
54 56 31 0 0 0
56 56 31 0 0 0
55 56 32 0 0 0
44 55 40 0 0 0
43 55 41 0 0 0
45 55 41 0 0 0
44 56 41 0 0 0
44 55 42 0 0 0
54 56 38 0 0 0
54 55 39 0 0 0
53 56 39 0 0 0
55 56 39 0 0 0
54 57 39 0 0 0
54 56 40 0 0 0
61 57 29 0 0 0
61 56 30 0 0 0
60 57 30 0 0 0
62 57 30 0 0 0
61 58 30 0 0 0
61 57 31 0 0 0
60 57 30 0 0 0
60 56 31 0 0 0
59 57 31 0 0 0
61 57 31 0 0 0
60 58 31 0 0 0
60 57 32 0 0 0
65 57 31 0 0 0
65 56 32 0 0 0
64 57 32 0 0 0
66 57 32 0 0 0
65 57 33 0 0 0
55 57 30 0 0 0
54 57 31 0 0 0
56 57 31 0 0 0
55 57 32 0 0 0
39 58 32 0 0 0
39 57 33 0 0 0
38 58 33 0 0 0
40 58 33 0 0 0
39 58 34 0 0 0
55 58 29 0 0 0
55 57 30 0 0 0
54 58 30 0 0 0
56 58 30 0 0 0
55 59 30 0 0 0
54 58 31 0 0 0
56 58 31 0 0 0
55 58 32 0 0 0
65 58 31 0 0 0
64 58 32 0 0 0
66 58 32 0 0 0
65 59 32 0 0 0
65 58 33 0 0 0
39 59 32 0 0 0
38 59 33 0 0 0
40 59 33 0 0 0
39 59 34 0 0 0
55 59 30 0 0 0
54 59 31 0 0 0
56 59 31 0 0 0
55 60 31 0 0 0
55 59 32 0 0 0
39 60 32 0 0 0
38 60 33 0 0 0
40 60 33 0 0 0
39 60 34 0 0 0
39 61 32 0 0 0
38 61 33 0 0 0
40 61 33 0 0 0
39 61 34 0 0 0
70 59 42 0 0 0
70 58 43 0 0 0
69 59 43 0 0 0
71 59 43 0 0 0
70 60 43 0 0 0
70 59 44 0 0 0
39 62 32 0 0 0
38 62 33 0 0 0
40 62 33 0 0 0
39 63 33 0 0 0
39 62 34 0 0 0
39 63 31 0 0 0
39 62 32 0 0 0
38 63 32 0 0 0
40 63 32 0 0 0
39 64 32 0 0 0
39 63 33 0 0 0
41 63 37 0 0 0
41 62 38 0 0 0
40 63 38 0 0 0
42 63 38 0 0 0
41 64 38 0 0 0
41 63 39 0 0 0
