12 16 29 0.3611408199643494 0.3497326203208555 0.3440285204991087
11 16 29 0.0 0.0 0.0
15 17 28 0.5655080213903744 0.4968211527035056 0.4940879382055851
16 17 28 0.868710480935045 0.8438909114134253 0.8443507696238105
17 17 28 0.8698812858476724 0.8668800853674803 0.8627988181573999
18 17 27 0.8746694026447788 0.8386684906520748 0.8312129502963974
18 17 28 0.8746694026447788 0.8668800853674803 0.8627988181573999
13 16 29 0.3611408199643494 0.3497326203208555 0.3440285204991087
13 17 29 0.9765987440727923 0.899602716903755 0.8862745098039218
12 17 29 0.9765987440727923 0.899602716903755 0.8862745098039218
15 18 28 0.6370854514645365 0.5950859356088114 0.5766884531590414
18 18 28 0.997465845543994 0.9955017301038062 0.9895040369088812
17 18 28 0.997465845543994 0.9955017301038062 0.9895040369088812
13 18 29 0.9889755452742895 0.963472130425204 0.9456267900418596
18 18 27 0.9959188326493388 0.994186046511628 0.9888280893752852
12 18 29 0.9889755452742895 0.963472130425204 0.9456267900418596
11 17 29 0.6233862888220982 0.5925303454715221 0.5684557034492629
16 18 28 0.9933697190216292 0.9793814432989691 0.9764436358735936
11 17 30 0.5435559986706547 0.5190960451977401 0.4935992023928215
12 17 30 0.6233862888220982 0.5925303454715221 0.5684557034492629
11 18 29 0.4296470588235294 0.4222745098039215 0.4061176470588235
11 18 30 0.7383282364933741 0.7165857168555496 0.6985908736583318
12 18 30 0.7383282364933741 0.7165857168555496 0.6985908736583318
11 18 31 0.624400871459695 0.5719680464778505 0.5586056644880174
25 18 24 0.6795098039215688 0.7165686274509804 0.7320098039215687
26 18 24 0.6938869665513264 0.7370242214532872 0.7582468281430219
22 19 22 0.7659863945578232 0.8108043217286914 0.8250500200080032
23 19 22 0.5971288515406162 0.623529411764706 0.6335434173669469
23 18 25 0.3895576835385316 0.4019607843137255 0.4046055631554946
24 18 25 0.4794117647058823 0.4941176470588235 0.4990196078431372
23 19 23 0.5971288515406162 0.623529411764706 0.6335434173669469
27 19 23 0.7102550754815201 0.7646711782057957 0.7967725143154607
27 19 24 0.7167755991285404 0.7646711782057957 0.7967725143154607
23 19 24 0.5113872779158611 0.5256743072815981 0.521863205376047
23 18 24 0.4794117647058823 0.4941176470588235 0.4990196078431372
26 19 24 0.7167755991285404 0.7609810949469393 0.7831752055660974
27 18 24 0.6938869665513264 0.7370242214532872 0.7582468281430219
29 19 23 0.7160747317795041 0.7813355530891603 0.8219607843137254
30 19 23 0.7079283887468032 0.7717391304347825 0.82152600170503
24 18 24 0.6006820119352089 0.6275788576300085 0.6339727195225917
28 19 23 0.7160747317795041 0.7813355530891603 0.8219607843137254
25 19 24 0.6983249980154003 0.7350321505120267 0.7492895133762009
24 19 24 0.650592320261438 0.6776348039215687 0.6832720588235294
17 19 28 0.5517683708997618 0.5459593183067619 0.5411947956752795
18 19 28 0.5517683708997618 0.5459593183067619 0.5411947956752795
15 19 28 0.1478065802592223 0.1312811565304087 0.1318544366899302
18 19 27 0.7895297924995243 0.7861793260993719 0.775556824671616
24 19 25 0.5113872779158611 0.5256743072815981 0.5278481012658228
13 19 29 0.9583875459380494 0.8866351662900319 0.8835992604259398
16 19 28 0.031234950120399 0.0288407292741658 0.0296388028895768
23 19 25 0.5086125589476296 0.52524199553239 0.5278481012658228
12 19 29 0.9583875459380494 0.8866351662900319 0.8835992604259398
15 19 29 0.1478065802592223 0.1312811565304087 0.1318544366899302
22 19 21 0.7659863945578232 0.8108043217286914 0.8250500200080032
11 19 29 0.4802450980392157 0.4048774509803922 0.4001470588235294
12 19 30 0.5475490196078431 0.4748229847494553 0.4707380174291938
15 20 28 0.3044771241830065 0.2837908496732026 0.274640522875817
11 19 30 0.5475490196078431 0.4748229847494553 0.4707380174291938
19 19 27 0.7895297924995243 0.7861793260993719 0.775556824671616
17 20 28 0.7967340127540378 0.797067763275523 0.7943262411347519
16 19 29 0.031234950120399 0.0288407292741658 0.0296388028895768
23 20 22 0.585608223872073 0.6092137826004187 0.6155339805825243
12 20 29 0.8878767071030749 0.8042114900434882 0.7929961089494164
19 19 28 0.7895297924995243 0.7861793260993719 0.775556824671616
13 20 29 0.8878767071030749 0.8042114900434882 0.7929961089494164
16 20 28 0.7967340127540378 0.797067763275523 0.7943262411347519
11 20 29 0.1463667820069204 0.138638985005767 0.1369088811995386
23 20 24 0.5417392068935196 0.5529411764705882 0.5451156247252265
18 20 27 0.7676140118968937 0.7559814937210839 0.7592421238158186
19 20 27 0.7676140118968937 0.7559814937210839 0.7592421238158186
17 19 29 0.0 0.0 0.0
18 20 28 0.6343517251861985 0.634078127374981 0.6339261285909713
19 20 28 0.7676140118968937 0.7559814937210839 0.7592421238158186
11 20 30 0.2487394957983193 0.2175910364145658 0.219719887955182
12 20 30 0.1806892453951277 0.1717765894236482 0.1701128936423054
15 20 29 0.3044771241830065 0.2837908496732026 0.274640522875817
16 20 29 0.0 0.0 0.0
25 20 24 0.7143609295570079 0.7500181554103122 0.7605664488017431
23 20 25 0.4887332710862122 0.5022408963585433 0.5014939309056955
36 19 21 0.6463667820069203 0.7038062283737023 0.7460207612456748
36 20 21 0.6427338013394657 0.697506656983781 0.73919147906076
35 19 21 0.6542099192618224 0.7185697808535179 0.7637831603229527
43 20 18 0.4172699849170437 0.3370286576168929 0.3294871794871794
35 20 21 0.6528990995539847 0.7173609357906252 0.760245729192965
31 19 22 0.6930247508839603 0.758277081324333 0.804050144648023
32 19 22 0.6900735294117647 0.7579656862745098 0.804050144648023
33 19 22 0.677005347593583 0.7401069518716578 0.7885918003565062
42 20 19 0.5004382929642445 0.4198846597462514 0.4118185313341022
43 20 19 0.4172699849170437 0.3370286576168929 0.3294871794871794
42 20 18 0.5004382929642445 0.4198846597462514 0.4118185313341022
30 19 22 0.7061728395061728 0.7717391304347825 0.82152600170503
32 20 22 0.6833203766087933 0.7495033255592987 0.7928651636866202
33 20 22 0.6793083478116986 0.7428642343013154 0.7913295275916276
22 20 20 0.8032035349351008 0.8112123722728528 0.8113228389947529
40 20 19 0.6054428668018931 0.6136578769438807 0.6239350912778903
22 20 21 0.6059265811587793 0.6333480760725343 0.6426065162907268
34 19 21 0.6658823529411765 0.7286274509803922 0.7788235294117646
34 20 21 0.6604452307238685 0.7257555653840484 0.768656936458794
40 20 20 0.6054428668018931 0.6136578769438807 0.6239350912778903
30 20 23 0.7046191553544495 0.7687782805429866 0.8157239819004526
39 20 20 0.1797385620915032 0.1818713450292397 0.1799277605779153
27 20 23 0.72579185520362 0.7806938159879336 0.8094117647058822
28 20 23 0.7223355119825707 0.7806938159879336 0.8164774681802547
34 19 22 0.6721568627450981 0.7349019607843137 0.7866666666666666
34 20 22 0.6735472370766489 0.7369696969696969 0.7859180035650624
31 20 22 0.6833203766087933 0.7495033255592987 0.7928651636866202
21 20 19 0.8032035349351008 0.8112123722728528 0.8113228389947529
37 20 20 0.6120098039215687 0.6688725490196079 0.700735294117647
38 20 20 0.4423026353398501 0.4804321728691477 0.507665923512262
29 20 23 0.70906432748538 0.7749054007567941 0.8164774681802547
21 20 20 0.3919607843137254 0.3966666666666666 0.3968627450980392
27 20 24 0.72579185520362 0.7806938159879336 0.8094117647058822
37 20 21 0.6279697064010789 0.6824774354186119 0.7217553688141923
41 20 19 0.4300559212854816 0.3887307991788773 0.3919161888582147
22 20 19 0.8032035349351008 0.8112123722728528 0.8113228389947529
22 20 22 0.6059265811587793 0.6333480760725343 0.6426065162907268
30 20 22 0.696358543417367 0.7619047619047619 0.8095238095238094
23 20 23 0.585608223872073 0.6092137826004187 0.6155339805825243
26 20 24 0.7239819004524887 0.7664448584863809 0.7850057670126875
43 21 18 0.4930423782416192 0.4184376976597091 0.4021663504111322
19 21 16 0.6250169033130493 0.6439486139283299 0.6660806851476223
20 21 16 0.6250169033130493 0.6439486139283299 0.6660806851476223
20 20 19 0.0 0.0 0.0
43 21 19 0.498376037531577 0.4189498618239241 0.4075273062245031
19 21 17 0.0 0.0 0.0
42 21 19 0.498376037531577 0.4366654637315048 0.4409358835558764
39 21 20 0.1867222479542997 0.1900880037054191 0.1870619113787246
38 21 20 0.4189441930618401 0.4522272498743087 0.4781598793363499
41 21 19 0.5084545646215476 0.4697027197975965 0.4845315904139434
18 21 16 0.0 0.0 0.0
21 21 19 0.6762751021858895 0.6835140098335407 0.6835614003909721
40 21 19 0.5772046749734375 0.5825944170771756 0.5998068192794359
18 21 17 0.0 0.0 0.0
22 21 19 0.6762751021858895 0.6835140098335407 0.6835614003909721
24 20 24 0.6616221033868092 0.6833511586452763 0.6810516934046347
21 21 20 0.2767843137254902 0.2782745098039216 0.2788235294117647
13 21 29 0.8665595931205246 0.7977514555310178 0.7911262798634813
24 20 25 0.5417392068935196 0.5529411764705882 0.5451156247252265
22 21 20 0.6762751021858895 0.6835140098335407 0.6835614003909721
17 21 28 0.9949082858950032 0.9803921568627452 0.9686274509803922
12 21 29 0.8665595931205246 0.7977514555310178 0.7911262798634813
31 20 23 0.6823529411764706 0.7490196078431373 0.792156862745098
31 21 22 0.6809923969587834 0.7456102440976391 0.7911324529811925
15 21 28 0.6314289744674848 0.5762166737198476 0.5571166596134857
22 21 21 0.6500452488687782 0.6809653092006034 0.6850377073906486
40 21 20 0.5772046749734375 0.5825944170771756 0.5998068192794359
18 21 27 0.9872549019607844 0.9705882352941178 0.9612745098039216
17 21 27 0.9949082858950032 0.9803921568627452 0.9686274509803922
18 21 28 0.9872549019607844 0.9705882352941178 0.9612745098039216
11 21 29 0.0 0.0 0.0
16 21 28 0.989386865857454 0.94807033924681 0.925552443199502
37 21 20 0.6193805058255186 0.6745098039215687 0.7128161409491331
23 21 22 0.5243803181650017 0.5475027746947836 0.5545689974102849
25 21 24 0.7539705882352941 0.7844368240569772 0.8019519915589557
32 21 22 0.6809923969587834 0.7456102440976391 0.7911324529811925
33 21 22 0.6750723918259287 0.7399023744518906 0.7848101265822786
22 21 22 0.6500452488687782 0.6809653092006034 0.6850377073906486
37 21 21 0.6309759858999779 0.6828596607182199 0.7219431592861864
35 21 21 0.6584810343351315 0.7173730627622227 0.7611953078174502
23 21 23 0.5243803181650017 0.5475027746947836 0.5545689974102849
36 21 21 0.6426208343419673 0.696151053013798 0.7365770999757928
34 21 21 0.6627218934911243 0.7270913098967396 0.7694628147116834
34 21 22 0.6695652173913044 0.7340153452685423 0.7794828076157998
23 21 25 0.4576168929110105 0.4688285570638511 0.4659376571141277
30 21 23 0.6937409024745268 0.7596369552187686 0.8001883722921483
31 21 23 0.6786620530565168 0.7449826989619378 0.785121107266436
29 21 23 0.7123039215686273 0.7781862745098042 0.8197058823529413
27 21 23 0.7271459694989107 0.7804793028322438 0.8079302832244007
28 21 23 0.7271459694989107 0.7804793028322438 0.8197058823529413
23 21 24 0.5487217671878878 0.5609166873500455 0.5501447836518574
27 21 24 0.7372549019607842 0.7844368240569772 0.8079302832244007
19 21 27 0.0 0.0 0.0
26 21 24 0.7432515607139717 0.7844368240569772 0.8019519915589557
24 21 24 0.7539705882352941 0.7683823529411764 0.7559640522875816
19 21 28 0.0 0.0 0.0
19 22 16 0.6789319983312473 0.6859129467389793 0.7043804755944931
20 22 16 0.6789319983312473 0.6859129467389793 0.7043804755944931
18 22 16 0.0 0.0 0.0
19 22 17 0.0 0.0 0.0
43 22 18 0.514279299506062 0.5114952851369555 0.4179913186648704
42 22 19 0.5610186212849919 0.5732026143790849 0.4866937970156615
43 22 19 0.5610186212849919 0.5732026143790849 0.4477492405412869
40 22 19 0.6944022770398481 0.7921726755218217 0.7803921568627451
39 22 20 0.209690487765354 0.2159293469453897 0.2055582563603953
40 22 20 0.6944022770398481 0.7921726755218217 0.7803921568627451
41 22 19 0.5759696579361672 0.6163303277515386 0.5522255617575498
38 22 20 0.4044789489399821 0.4368169602866528 0.4613516472578879
37 22 20 0.6191610821543807 0.6724249193348227 0.7135765698684537
37 22 21 0.6272783327167345 0.6779134295227525 0.7178197064989518
15 22 28 0.7387527233115468 0.6714596949891067 0.6454248366013071
13 22 29 0.9222333000997008 0.8240051903114187 0.8161043829296424
12 22 29 0.9266580161476357 0.8240051903114187 0.8161043829296424
36 22 21 0.6406294706723891 0.6932761087267524 0.7372212404275014
35 22 21 0.6496732026143791 0.7046477850399419 0.747076978939724
17 22 28 0.9910998774509804 0.955407475490196 0.945778764335923
18 22 28 0.9910998774509804 0.9507002801120448 0.9282913165266108
21 22 19 0.710769767847792 0.7172746843544541 0.7182521673357771
18 22 27 0.9648395721925134 0.9454693998811646 0.9291146761734996
16 22 28 0.9896411394746578 0.955407475490196 0.945778764335923
22 22 19 0.710769767847792 0.7172746843544541 0.7182521673357771
20 22 19 0.2097007223942208 0.2101135190918472 0.2097007223942208
21 22 20 0.3446078431372549 0.3475490196078431 0.3478431372549019
39 22 19 0.6944022770398481 0.7921726755218217 0.7803921568627451
44 22 18 0.3397316821465428 0.3533539731682146 0.2984520123839009
22 22 20 0.710769767847792 0.7172746843544541 0.7182521673357771
34 22 21 0.666024538470359 0.7232886136910905 0.7673202614379083
19 23 16 0.0 0.0 0.0
20 23 16 0.0 0.0 0.0
34 22 22 0.6690311418685121 0.728892733564014 0.7754901960784313
22 22 21 0.750132485426603 0.7788023317435081 0.7833068362480127
33 22 22 0.6738695478191277 0.7366626650660264 0.7872589035614248
18 23 16 0.0 0.0 0.0
32 22 22 0.6738695478191277 0.7366626650660264 0.7872589035614248
23 22 22 0.5144090663788451 0.5316064040295018 0.539377585896744
24 21 25 0.5487217671878878 0.5609166873500455 0.5501447836518574
19 23 17 0.0 0.0 0.0
23 22 23 0.5144090663788451 0.5316064040295018 0.539377585896744
30 22 23 0.6835815871412942 0.748329546410839 0.7933013548767148
31 22 22 0.6621022179363549 0.7278902817957783 0.7696560591449695
22 22 22 0.750132485426603 0.7788023317435081 0.7833068362480127
29 22 23 0.7100864074443336 0.7743768693918245 0.8197407776669992
31 22 23 0.6662871600253004 0.7309297912713474 0.7755218216318782
27 22 23 0.7489395758303321 0.8027210884353742 0.8324929971988795
28 22 23 0.7330250877643631 0.7912150012843565 0.8270228615463652
27 22 24 0.7577866748793758 0.805728364644287 0.8340622112719434
23 22 24 0.5571556423399234 0.5665934423561957 0.5549914571637784
26 22 24 0.8046057571964957 0.8406341259908219 0.8537004589069672
25 22 24 0.809554367201426 0.8406341259908219 0.8537004589069672
15 23 28 0.7947804473902238 0.7749240541286938 0.7474730737365368
12 23 29 0.8981068289384722 0.7988505747126438 0.7836713995943206
13 23 29 0.8981068289384722 0.7988505747126438 0.7836713995943206
24 22 24 0.809554367201426 0.8193761140819965 0.8023172905525847
19 22 27 0.9648395721925134 0.9454693998811646 0.9291146761734996
23 22 25 0.4735623108303724 0.4823266219239374 0.4778523489932886
24 22 25 0.5571556423399234 0.5665934423561957 0.5549914571637784
17 23 28 0.9924328249818448 0.9788525780682644 0.952723311546841
18 23 28 0.9869969040247678 0.9438596491228072 0.9199174406604748
16 23 28 0.9924328249818448 0.9788525780682644 0.952723311546841
43 23 18 0.2996078431372548 0.311843137254902 0.3301960784313726
44 23 18 0.1760348583877995 0.1806826434277414 0.1943355119825708
43 23 19 0.3444982698961937 0.3674740484429065 0.3890196078431372
42 23 19 0.3444982698961937 0.3674740484429065 0.3890196078431372
40 23 19 0.3001905464380109 0.3189132706374085 0.3406232712520744
39 23 19 0.2882520529579352 0.3009887715770068 0.3157030333500922
39 23 20 0.3149664929262845 0.3319765036816414 0.3470836435840158
41 23 19 0.3061947856065503 0.3304029304029303 0.3465524671407023
38 23 20 0.4183982050531655 0.4522290508243098 0.4784313725490196
37 23 20 0.614475201845444 0.6644752018454441 0.7046898291480335
37 23 21 0.6174521270496501 0.6677445247104691 0.7046898291480335
36 23 21 0.6347385620915031 0.6873529411764705 0.7296568627450978
21 23 19 0.7653686826843413 0.7772438552885942 0.7783043358188347
20 23 17 0.0 0.0 0.0
35 23 21 0.6465202389968863 0.7014221997811999 0.7423209627198519
12 23 24 0.5841354723707664 0.4471657754010695 0.4308734402852049
22 23 19 0.7653686826843413 0.7772438552885942 0.7783043358188347
20 23 19 0.2039215686274509 0.2046254399195575 0.2032176973353444
12 23 25 0.8848039215686275 0.6660130718954248 0.6332924836601306
21 23 20 0.54960058097313 0.5520697167755991 0.5522149600580973
13 23 26 0.8389865036923859 0.6660130718954248 0.6332924836601306
13 23 25 0.8389865036923859 0.6660130718954248 0.6332924836601306
22 23 20 0.7653686826843413 0.7772438552885942 0.7783043358188347
34 23 21 0.6610875277946231 0.7164746310895492 0.7593693147362037
13 23 27 0.7885288874908252 0.641522491349481 0.6280801090489672
13 23 28 0.7208333333333334 0.6635416666666666 0.6680147058823529
34 23 22 0.6610875277946231 0.7164746310895492 0.7593693147362037
33 23 22 0.6608161963972582 0.7161645145863221 0.7576916945640044
42 23 18 0.2996078431372548 0.311843137254902 0.3301960784313726
22 23 21 0.7917692658458733 0.8120383036935706 0.8152758777929777
19 23 27 0.8226388563393485 0.7930942895086323 0.7858761034294196
19 24 16 0.0 0.0 0.0
18 23 27 0.8226388563393485 0.7930942895086323 0.7858761034294196
20 24 16 0.0 0.0 0.0
22 23 22 0.7917692658458733 0.8120383036935706 0.8152758777929777
18 24 16 0.0 0.0 0.0
32 23 22 0.6448112841974735 0.6983647213826242 0.7406184608230644
19 24 17 0.0 0.0 0.0
23 23 22 0.6855334259688128 0.7043693067778294 0.7134167052647831
23 23 23 0.6855334259688128 0.7043693067778294 0.7134167052647831
31 23 22 0.5606971677559913 0.60921568627451 0.6450762527233116
30 23 23 0.6628073451602864 0.7213818860877684 0.762776221599751
12 24 24 0.6489096573208724 0.5502840388491843 0.5226681326736301
29 23 23 0.6903040115128619 0.746753013131858 0.7845116028062603
31 23 23 0.6440896358543416 0.701064425770308 0.743921568627451
28 23 23 0.7252958841194137 0.7787670022964142 0.808514396749691
43 24 19 0.4851001939237234 0.5160741219564748 0.5406916612798965
23 23 24 0.5321553716543651 0.5390889435622158 0.5285767538954745
12 24 25 0.8947570332480818 0.7244884910485934 0.6703324808184143
42 24 19 0.500685588920883 0.5341149047031399 0.5589880707527767
40 24 20 0.5255961844197137 0.5650238473767885 0.5938880056527114
40 23 20 0.3149664929262845 0.3319765036816414 0.3470836435840158
39 24 20 0.5475879240585122 0.5916122004357297 0.6253345782757547
44 24 18 0.4079844550432787 0.4294647588765235 0.4500264970853205
27 23 24 0.8111445508435934 0.8518194254445967 0.8700227998176014
27 23 23 0.7643598615916956 0.8168396770472895 0.8452133794694349
41 24 19 0.5096429616622767 0.5450980392156862 0.5647058823529412
13 24 26 0.9337240431227842 0.7787569640402286 0.7316691990449316
44 24 19 0.4416774008873622 0.4661227994847573 0.4875053671103477
25 23 24 0.9457051439822792 0.961735991467717 0.9606802012840536
26 23 24 0.9457051439822792 0.961735991467717 0.9606802012840536
44 23 19 0.269281045751634 0.2797385620915033 0.2875816993464052
38 24 20 0.5713946869070208 0.6217583807716632 0.657099936748893
40 24 19 0.5207843137254902 0.5594117647058823 0.5876470588235293
24 23 24 0.8866365007541479 0.8924685771744595 0.8753343388637509
13 24 25 0.8837789661319072 0.7186147186147186 0.6703324808184143
37 24 20 0.5945985941546431 0.6444691083980763 0.6836108028116907
37 24 21 0.6015848826577261 0.6515290053845373 0.6892207660266181
23 23 25 0.5356695869837297 0.5430399109998609 0.5344736476150744
24 23 25 0.5356695869837297 0.5430399109998609 0.5344736476150744
36 24 21 0.6203298055623923 0.6713430141931249 0.7084748543768972
13 24 27 0.9337240431227842 0.827337075909202 0.7825400699698968
35 24 21 0.6372467659262874 0.6912212187779675 0.7280286388414285
30 23 21 0.5748194014447884 0.6266253869969038 0.663983488132095
18 24 28 0.9887005649717516 0.9659687603855104 0.9205716184778996
17 24 28 0.9925993743801024 0.9787136644541086 0.9387502861066606
20 24 17 0.0 0.0 0.0
31 23 21 0.5606971677559913 0.60921568627451 0.6450762527233116
16 24 28 0.9925993743801024 0.9787136644541086 0.9387502861066606
30 23 22 0.5748194014447884 0.6266253869969038 0.663983488132095
28 23 21 0.6584362139917697 0.717840716533527 0.7518760590656016
15 24 28 0.8082402581285679 0.7897741375031024 0.7292876644328617
29 23 21 0.6554838709677421 0.7163314358001266 0.7518760590656016
26 23 21 0.7729512317747612 0.8309703368526897 0.8427350427350425
27 23 21 0.6924210819079406 0.7546377416214713 0.7900709219858155
13 24 28 0.91611077420659 0.8665049524964624 0.8683646654538103
29 23 22 0.6658823529411764 0.7223529411764706 0.7631372549019607
34 24 21 0.6406504065040649 0.6943408257611986 0.7295392953929537
34 24 22 0.6406504065040649 0.6943408257611986 0.7295392953929537
33 24 22 0.6398852223816355 0.6895743663318986 0.7219352781763111
21 24 19 0.0972702806612841 0.0975778546712802 0.0968089196462898
20 24 19 0.0972702806612841 0.0975778546712802 0.0968089196462898
30 24 21 0.6886567711196628 0.7334616089426423 0.7543338830859446
31 24 21 0.0240196078431372 0.0255718954248366 0.0260620915032679
21 24 20 0.5641456582633053 0.5676190476190476 0.5673949579831933
22 24 20 0.5641456582633053 0.5676190476190476 0.5673949579831933
28 24 21 0.7323892519970951 0.7787944807552653 0.7959876543209877
41 24 20 0.5137254901960784 0.5450980392156862 0.5647058823529412
28 24 20 0.7323892519970951 0.7787944807552653 0.7959876543209877
31 24 22 0.0240196078431372 0.0255718954248366 0.0260620915032679
29 24 21 0.7112790070156503 0.757942075912934 0.7790609821910416
27 23 20 0.6924210819079406 0.7546377416214713 0.7900709219858155
26 23 20 0.7729512317747612 0.8309703368526897 0.8427350427350425
26 24 20 0.6941176470588235 0.7529411764705882 0.788235294117647
27 24 20 0.7323892519970951 0.7787944807552653 0.7959876543209877
32 24 22 0.5870901960784313 0.6240156862745098 0.6473254901960783
22 24 21 0.8189505969985761 0.8369372329937562 0.8404425457333772
19 25 16 0.6676470588235296 0.6055555555555555 0.5800653594771241
26 24 21 0.3182109445085224 0.3194925028835063 0.3191849288735102
27 24 21 0.6941176470588235 0.7529411764705882 0.788235294117647
20 25 16 0.6676470588235296 0.6055555555555555 0.5800653594771241
19 24 27 0.7561118064246976 0.749453483521068 0.7287108886107635
12 25 24 0.6183823529411765 0.5017156862745098 0.4755279034690798
18 24 27 0.7561118064246976 0.749453483521068 0.7287108886107635
18 25 16 0.1181699346405228 0.1139869281045751 0.1152941176470588
22 24 22 0.8189505969985761 0.8369372329937562 0.8404425457333772
20 25 17 0.6676470588235296 0.6055555555555555 0.5800653594771241
12 25 25 0.839719887955182 0.6824929971988795 0.6336134453781511
23 24 23 0.5624990077002461 0.5694371675795823 0.5586568230531079
22 23 23 0.0 0.0 0.0
22 24 23 0.5818531334102268 0.6006920415224913 0.5975394079200308
13 25 25 0.839719887955182 0.6824929971988795 0.6336134453781511
13 25 26 0.9228228943399222 0.7982376756370563 0.7463681829006905
27 24 24 0.9253493013972056 0.9476341434777504 0.951297405189621
40 25 20 0.5477053524112347 0.5869634340222575 0.6223635400105986
23 24 24 0.5624990077002461 0.5694371675795823 0.5586568230531079
39 25 20 0.5521800281293953 0.6003143873583188 0.6350293703979479
44 25 18 0.4260987153482082 0.4586883029073699 0.480811359026369
26 24 24 0.9599867065470258 0.970920571618478 0.9686440677966104
42 25 19 0.520121554156718 0.559756891686564 0.5927067505969177
43 25 19 0.501385961550744 0.5392603947116306 0.570058120968257
44 25 19 0.4815974096060442 0.5184025903939558 0.5475085447022844
25 24 24 0.9599867065470258 0.970920571618478 0.9686440677966104
38 25 20 0.5617647058823529 0.6126808100289294 0.6471552555448408
41 25 19 0.5292857705331128 0.5700448854240491 0.6006299708638476
24 24 24 0.9345379982058184 0.9388696655132642 0.9267461232859155
13 25 27 0.9228228943399222 0.847128231823703 0.8109318063508589
24 24 25 0.5624990077002461 0.5694371675795823 0.5586568230531079
37 25 20 0.5760649087221095 0.6270453008789723 0.6624070317782286
40 25 19 0.5406465288818232 0.579862215156333 0.6149443561208269
23 24 25 0.5361494933543887 0.5429135412554285 0.5313330701408079
37 25 21 0.58762677484787 0.638562091503268 0.6724363308541809
36 25 21 0.61616368286445 0.667075873827792 0.7025063938618924
18 25 28 0.989527104959631 0.96709896557048 0.9331635016211208
17 25 28 0.9904894241161032 0.96709896557048 0.9331635016211208
35 25 21 0.6393650793650792 0.6903454715219423 0.7217927170868347
16 25 28 0.9904894241161032 0.96709896557048 0.931866864392816
13 25 28 0.9188627450980394 0.8664313725490197 0.8641960784313725
15 25 28 0.7421248237857233 0.6747148532615661 0.6397795719595026
19 25 17 0.0 0.0 0.0
42 25 17 0.0 0.0 0.0
34 25 21 0.6393650793650792 0.6903454715219423 0.7217927170868347
21 25 19 0.2044587698092936 0.2046199301638463 0.2031694869728713
34 25 22 0.6393650793650792 0.6903454715219423 0.7217927170868347
33 25 22 0.633359477124183 0.6740392156862747 0.699660130718954
20 25 19 0.2044587698092936 0.2046199301638463 0.2031694869728713
19 26 16 0.5130718954248367 0.4836601307189542 0.4639215686274509
30 25 21 0.7026324341891453 0.7452713682157945 0.7609576427255986
31 25 21 0.1420991926182237 0.1462514417531718 0.1471741637831603
21 25 20 0.4743529411764706 0.4767058823529412 0.4765490196078431
20 26 16 0.5130718954248367 0.4836601307189542 0.4639215686274509
28 25 21 0.7854715219421101 0.8242577030812326 0.833762838468721
22 25 20 0.4743529411764706 0.4767058823529412 0.4765490196078431
29 25 21 0.7324106113033448 0.7755478662053058 0.7907535563244907
31 25 22 0.1420991926182237 0.1462514417531718 0.1471741637831603
18 26 16 0.0 0.0 0.0
19 25 27 0.8573849640358656 0.8465267514040791 0.8298354517686471
27 25 20 0.8932773109243699 0.9175070028011204 0.9218487394957984
26 25 20 0.8932773109243699 0.9175070028011204 0.9218487394957984
22 25 21 0.8398431372549021 0.859372549019608 0.8623921568627451
27 25 21 0.8932773109243699 0.9175070028011204 0.9218487394957984
20 26 17 0.5130718954248367 0.4836601307189542 0.4639215686274509
26 25 21 0.3206245461147421 0.3203824739772452 0.3203340595497458
19 26 17 0.0 0.0 0.0
18 25 27 0.8573849640358656 0.8465267514040791 0.8298354517686471
32 25 22 0.5790616246498599 0.6006302521008402 0.6090861344537816
12 26 24 0.7116557734204795 0.614106753812636 0.5762345679012346
22 25 22 0.8398431372549021 0.859372549019608 0.8623921568627451
13 26 25 0.90218954248366 0.7435947712418302 0.6917320261437909
12 26 25 0.9310457516339872 0.7931917211328976 0.7362745098039215
42 26 17 0.0 0.0 0.0
13 26 26 0.926625386996904 0.8009730207872623 0.7593837535014005
40 26 20 0.5367156862745098 0.5797712418300651 0.6149673202614377
23 25 23 0.60975874220656 0.6185054667028101 0.6018613897171773
39 26 20 0.5402879901960784 0.5859987745098039 0.6206954656862742
22 25 23 0.654279489573607 0.6720821661998131 0.6731403672580143
43 26 19 0.4884040262989468 0.5277593529993599 0.5627392796881362
42 26 19 0.5072908036454018 0.5473211819939242 0.5800883733775201
38 26 20 0.5508669583535893 0.6018311456814129 0.6369956246961592
13 26 27 0.926625386996904 0.8695261437908498 0.8670343137254902
23 25 24 0.60975874220656 0.6185054667028101 0.6018613897171773
44 26 18 0.4459546925566343 0.4850371216447743 0.5145059965733866
41 26 19 0.5249121162409187 0.5647840012499024 0.598406374501992
44 26 19 0.477995642701525 0.5172113289760347 0.5523602033405953
37 26 21 0.5649744829438623 0.6154534873310054 0.6484197331900796
37 26 20 0.56385336743393 0.6148337595907928 0.6484197331900796
27 25 24 0.9501897533206832 0.9652118912080964 0.964990512333966
40 26 19 0.5354449472096531 0.5752639517345398 0.6105580693815986
25 25 24 0.9764150943396228 0.98094709581946 0.979337772844987
26 25 24 0.970240217299041 0.980035650623886 0.979337772844987
24 25 24 0.9764150943396228 0.98094709581946 0.979337772844987
36 26 21 0.6022151119862169 0.6530970547214702 0.688079415866765
17 26 28 0.9908344733242136 0.9699498404012769 0.9387140902872776
18 26 28 0.9908344733242136 0.9699498404012769 0.9387140902872776
23 25 25 0.5113349449368789 0.5169486972871341 0.504351329572925
24 25 25 0.60975874220656 0.6185054667028101 0.6018613897171773
35 26 21 0.6368010959842452 0.6866855038958813 0.7187958011487424
16 26 28 0.9655123339658443 0.9150379506641368 0.8881720430107528
13 26 28 0.9033496732026144 0.8695261437908498 0.8670343137254902
15 26 28 0.6045051353874883 0.5330298786181139 0.5047385620915033
34 26 21 0.63921568627451 0.6874232521291347 0.7187958011487424
21 26 19 0.5028486866444691 0.5052164261931188 0.5055863854975953
34 26 22 0.63921568627451 0.6874232521291347 0.7187958011487424
20 26 19 0.5484467944481163 0.5490636704119851 0.5446574135272088
33 26 22 0.6351540616246497 0.6683317771553066 0.6873793962029257
30 26 21 0.7048144257703081 0.7532212885154063 0.7821603641456584
21 26 20 0.5028486866444691 0.5052164261931188 0.5055863854975953
31 26 21 0.5183796595561301 0.5466494290023701 0.564274940745529
41 26 20 0.5282913165266107 0.569187675070028 0.6039215686274509
22 26 20 0.5028486866444691 0.5052164261931188 0.5055863854975953
27 26 20 0.8685963274198567 0.8965452847805789 0.907687519452225
26 26 20 0.82318237029325 0.8316501821967726 0.8362137775464169
28 25 20 0.7854715219421101 0.8242577030812326 0.833762838468721
28 26 20 0.8685963274198567 0.8965452847805789 0.907687519452225
28 26 21 0.8685963274198567 0.8965452847805789 0.907687519452225
31 26 22 0.0 0.0 0.0
26 26 21 0.3948613928329952 0.3955375253549695 0.3957403651115618
29 26 21 0.7309762202753441 0.779078014184397 0.8042344597413433
19 26 27 0.6795835860117243 0.6668485951081464 0.6543763897311502
22 26 21 0.7956762192056309 0.8110273169096699 0.8110943522708229
32 26 22 0.5340552957584707 0.5480351136270406 0.550496349167282
19 27 16 0.5662957074721781 0.5303656597774246 0.518494965553789
18 26 27 0.6795835860117243 0.6668485951081464 0.6543763897311502
20 27 16 0.5662957074721781 0.5303656597774246 0.518494965553789
23 26 23 0.6127024722932651 0.6280477408354647 0.6221653878942882
22 26 22 0.7956762192056309 0.8110273169096699 0.8110943522708229
18 27 16 0.0707516339869281 0.0656862745098039 0.0643790849673202
20 27 17 0.5662957074721781 0.5303656597774246 0.518494965553789
19 27 17 0.0 0.0 0.0
12 27 24 0.6698573975044564 0.53873440285205 0.4918894830659536
42 27 19 0.3999591503267973 0.4245915032679739 0.4439950980392156
43 27 19 0.4317173023055377 0.4648998060762767 0.4929971988795517
32 26 20 0.4612105711849957 0.4913895993179881 0.5111395282750781
22 26 23 0.6127024722932651 0.6280477408354647 0.6221653878942882
44 27 18 0.2011491108071134 0.1958333333333333 0.2050245098039215
23 26 24 0.6573705741289323 0.6652842431936804 0.6474961207504585
45 26 18 0.2274509803921568 0.2490196078431372 0.2607843137254902
40 27 20 0.483921568627451 0.5208156862745098 0.5502117647058823
45 27 18 0.1789215686274509 0.1958333333333333 0.2050245098039215
31 26 20 0.5183796595561301 0.5466494290023701 0.564274940745529
41 27 19 0.3726373432255785 0.3931990814343755 0.412488959547783
39 27 20 0.4265770308123249 0.452750700280112 0.4757422969187674
27 26 24 0.9577964519140988 0.9700680272108844 0.9700947045484862
44 27 19 0.4317173023055377 0.4648998060762767 0.4929971988795517
12 27 25 0.9831852165326564 0.8432783185216532 0.7879249541543235
13 27 25 0.9466790668836704 0.8432783185216532 0.7879249541543235
25 26 24 0.9830499024254252 0.9861351175541307 0.9819533500604034
13 27 26 0.9466790668836704 0.8644191273347285 0.8181508176393087
26 26 24 0.9792189006750244 0.9861351175541307 0.9819533500604034
41 27 20 0.483921568627451 0.5208156862745098 0.5502117647058823
24 26 24 0.9830499024254252 0.9861351175541307 0.9819533500604034
38 27 20 0.3936638410822844 0.4184091103690384 0.4402260467505779
24 26 25 0.6573705741289323 0.6652842431936804 0.6474961207504585
23 26 25 0.4838740344622698 0.4880570409982175 0.4749613784907902
37 27 20 0.29243018419489 0.2926678550207962 0.3011527035056446
37 27 21 0.470479302832244 0.49960407239819 0.520682503770739
36 27 21 0.4724170437405731 0.49960407239819 0.520682503770739
13 27 27 0.9466790668836704 0.8644191273347285 0.8181508176393087
29 26 20 0.7309762202753441 0.779078014184397 0.8042344597413433
32 27 17 0.4175761871013465 0.4427474604299551 0.4606543822348216
35 27 21 0.5195121951219511 0.549689143950263 0.5684481109516978
32 27 18 0.3801833159299222 0.4078199327068106 0.4290520942104652
38 27 15 0.2146552517720703 0.167982997394762 0.1245029480323597
39 27 15 0.2146552517720703 0.1783301113872779 0.1481726963085703
37 27 15 0.2124337886813492 0.1567512312982064 0.1015890716476163
32 26 18 0.4522875816993463 0.486637618010167 0.5116920842411039
40 27 16 0.2438876785282013 0.2255870249334301 0.2107237956911159
17 27 28 0.9864083786124892 0.9554925584691708 0.9276163477439168
18 27 28 0.9864083786124892 0.9554925584691708 0.9276163477439168
36 27 15 0.1984803921568627 0.1372549019607842 0.0773039215686274
41 27 16 0.2237207077953132 0.2042085126733619 0.1886657101865135
27 27 17 0.5442556281771967 0.5711837327523601 0.5891938997821351
43 27 17 0.1891956782713085 0.1695878351340535 0.1624649859943977
16 27 28 0.964878892733564 0.9036188004613612 0.8773068050749712
32 26 19 0.4522875816993463 0.486637618010167 0.5116920842411039
40 27 15 0.2146552517720703 0.1783301113872779 0.1481726963085703
40 27 17 0.2632296161707925 0.2434703611174199 0.2338906088751289
26 27 17 0.3759645793801392 0.3890575585072739 0.3964579380139152
27 26 17 0.639789574366332 0.6590626494500239 0.6663318986131038
36 27 16 0.2520098039215686 0.2141830065359476 0.1857189542483659
37 27 16 0.2868546235062071 0.2637660981552383 0.2420466411416637
38 27 16 0.2868546235062071 0.2637660981552383 0.2420466411416637
13 27 28 0.8947303921568628 0.8251225490196078 0.814031862745098
42 27 17 0.2313542239325636 0.2138171156312992 0.2018325087044163
26 26 17 0.639789574366332 0.6590626494500239 0.6663318986131038
35 27 16 0.2332929879770837 0.1832486080852093 0.145436940208182
41 27 17 0.2607383578431372 0.2397212009803921 0.2294895050531225
43 27 18 0.2011491108071134 0.1925581395348836 0.1943638850889192
39 27 16 0.2718150947529849 0.2506134617589725 0.2338493292053663
15 27 28 0.6511146924523233 0.5696212731668009 0.5374966424926134
26 26 18 0.5994350282485876 0.6187437686939181 0.6285144566301097
27 26 18 0.639789574366332 0.6590626494500239 0.6663318986131038
42 27 16 0.2237207077953132 0.2042085126733619 0.1886657101865135
21 27 19 0.4816768086544963 0.4815866576515664 0.4791976560739239
32 27 19 0.2505882352941176 0.2701960784313725 0.2839215686274509
39 27 17 0.2718150947529849 0.2517909957279 0.2394347683207361
20 27 19 0.4816768086544963 0.4815866576515664 0.4791976560739239
31 26 19 0.5183796595561301 0.5466494290023701 0.564274940745529
34 27 21 0.6610322289835475 0.6991661032228984 0.718616182105026
34 27 16 0.251435927906516 0.1960784313725489 0.1439492968904732
34 27 22 0.6610322289835475 0.6991661032228984 0.718616182105026
26 27 18 0.5151779230210604 0.5297022512708788 0.5400145243282499
27 27 18 0.438095238095238 0.4593837535014006 0.4683473389355742
40 27 18 0.2632296161707925 0.2434703611174199 0.2397456279809221
41 27 18 0.2607383578431372 0.2397212009803921 0.2325520833333333
42 27 18 0.2387096774193548 0.2247663222995291 0.2182444303886428
39 27 18 0.2728104575163398 0.2564070698702015 0.2491438829052747
26 26 19 0.82318237029325 0.8316501821967726 0.8362137775464169
35 27 17 0.30412267471091 0.2827300150829562 0.2634238310708898
36 27 17 0.2888734191901612 0.2684766214177978 0.2591251885369532
37 27 17 0.287344028520499 0.2678698752228163 0.2557141199675136
38 27 17 0.2868546235062071 0.2672931894651351 0.2503306648103027
33 27 22 0.6405379009841484 0.6694463225903386 0.683885508226279
34 27 17 0.30412267471091 0.2827300150829562 0.2634238310708898
27 26 19 0.5127748068924539 0.5165775401069519 0.514676173499703
38 27 18 0.2847494553376906 0.2672931894651351 0.2553921568627451
21 27 20 0.6107288198298187 0.6150943396226415 0.6153903070662228
37 27 18 0.287344028520499 0.2678698752228163 0.2573083778966131
37 27 19 0.2800059417706476 0.2613042186571598 0.2575311942959001
22 27 20 0.6107288198298187 0.6150943396226415 0.6153903070662228
36 27 19 0.2879310344827585 0.2670554428668018 0.262576064908722
30 27 20 0.6823529411764706 0.7333333333333333 0.7647058823529411
31 27 20 0.4459292412617221 0.459228473998295 0.461615515771526
31 27 21 0.4459292412617221 0.459228473998295 0.461615515771526
30 26 20 0.7007541478129713 0.7514328808446457 0.7821603641456584
32 26 21 0.4835729847494552 0.5046623093681917 0.5135511982570806
38 27 19 0.2753211629479377 0.2623587365980874 0.2567758137737853
30 27 21 0.6823529411764706 0.7333333333333333 0.7647058823529411
39 27 19 0.2728104575163398 0.2623587365980874 0.2567758137737853
40 27 19 0.24318954248366 0.2387189542483659 0.2412810457516339
28 27 20 0.9379984409666008 0.9505666486778196 0.9552437488756972
35 27 19 0.3043740573152337 0.2852941176470588 0.2661926308985131
35 27 18 0.3043740573152337 0.2852941176470588 0.2661926308985131
36 27 18 0.2888734191901612 0.2684766214177978 0.2591251885369532
29 27 20 0.9379984409666008 0.9505666486778196 0.9552437488756972
27 27 15 0.5911519607843138 0.6282212885154062 0.6525910364145658
32 27 21 0.4459292412617221 0.459228473998295 0.461615515771526
27 27 16 0.5911519607843138 0.6282212885154062 0.6525910364145658
22 27 21 0.8397514196935606 0.8501446480231436 0.8505946640951461
34 27 18 0.3569747899159664 0.3104761904761905 0.2661926308985131
32 27 16 0.4175761871013465 0.4427474604299551 0.4606543822348216
26 27 20 0.6743019469271808 0.6627173837732974 0.6589343864754382
27 27 20 0.89760348583878 0.9204625439919558 0.9301323948382773
36 27 20 0.2916666666666666 0.2806265984654731 0.2789641943734015
35 27 20 0.267009617535227 0.2481324088570789 0.2324014016252888
39 28 15 0.1700016758840287 0.1220043572984749 0.0862601975096607
26 27 16 0.5442556281771967 0.5711837327523601 0.5891938997821351
37 28 15 0.2084967320261438 0.1538398692810457 0.1017973856209149
38 28 15 0.1896378989552025 0.1398597395162444 0.0862601975096607
19 27 27 0.5252911316810989 0.5246939384891014 0.5141236189907435
22 27 22 0.8397514196935606 0.8501446480231436 0.8505946640951461
38 27 21 0.3281045751633986 0.3450980392156862 0.3581699346405227
23 27 23 0.6404532304725168 0.6492767598842814 0.6325779492124718
34 27 19 0.3569747899159664 0.3104761904761905 0.2647619047619046
33 27 17 0.2081045751633987 0.2172549019607843 0.2222222222222222
36 28 15 0.2084967320261438 0.1538398692810457 0.1017973856209149
12 28 24 0.7361547333865675 0.715499955638364 0.70204950758584
32 27 22 0.470256560335577 0.4797580723831821 0.476694956589601
36 28 16 0.200121285627653 0.1454821103699211 0.1018394986860723
18 27 27 0.5252911316810989 0.5246939384891014 0.5141236189907435
26 27 21 0.5094117647058823 0.4974688057040997 0.4906595365418894
35 28 16 0.2255754475703324 0.1683205456095481 0.1093094629156009
22 27 23 0.7774801009512716 0.788002329644729 0.7907202484954379
23 27 24 0.6404532304725168 0.6492767598842814 0.6325779492124718
12 28 25 0.9759191176470589 0.9485906862745098 0.929626225490196
34 28 16 0.2497134238310708 0.1906334841628958 0.1388235294117646
13 28 25 0.9759191176470589 0.9423831070889896 0.9281447963800904
25 27 24 0.979124925079202 0.9822587550303968 0.9769158318349176
13 28 26 0.9759191176470589 0.9423831070889896 0.9281447963800904
24 27 24 0.979124925079202 0.9822587550303968 0.9769158318349176
24 27 25 0.6404532304725168 0.6492767598842814 0.6325779492124718
23 27 25 0.4740392156862745 0.4772026143790849 0.4630849673202615
27 28 15 0.8516057233704293 0.8540434552199259 0.8577742448330684
27 27 24 0.9584313725490198 0.9715196078431372 0.9717892156862746
32 28 16 0.4618063441592853 0.4842304489363312 0.5028541146188206
35 28 21 0.4827380047626285 0.5067132796270963 0.519754775295131
13 28 27 0.9440327312027172 0.8753435232360662 0.8414852555195307
36 28 21 0.367156862745098 0.3681372549019607 0.368627450980392
26 27 24 0.979124925079202 0.9822587550303968 0.9769158318349176
33 27 16 0.251435927906516 0.2172549019607843 0.2222222222222222
33 28 16 0.2503267973856209 0.2340595497458243 0.2228758169934639
34 28 18 0.3588573360378634 0.313873473917869 0.2577178889176815
19 28 16 0.7088861076345431 0.5952440550688362 0.572215269086358
20 28 16 0.7088861076345431 0.5952440550688362 0.572215269086358
17 28 28 0.9801196154137332 0.926822620940268 0.8998712998712999
16 28 28 0.9586267220642904 0.8725125738027555 0.8456884612581094
18 28 16 0.495798319327731 0.4607843137254901 0.4568627450980392
20 28 17 0.7088861076345431 0.5952440550688362 0.572215269086358
19 28 17 0.0 0.0 0.0
15 28 28 0.615346405228758 0.5477385620915033 0.5114509803921569
28 27 19 0.8315177923021059 0.8653594771241828 0.8795933188090052
28 28 19 0.8711354309165527 0.9037847697218424 0.9167046663626692
27 28 14 0.9829201101928376 0.9855614973262032 0.983065953654189
28 28 14 0.9829201101928376 0.9855614973262032 0.983065953654189
30 28 20 0.7399380804953563 0.7942208462332303 0.8233230134158928
31 28 20 0.5238942088463292 0.5493616051071591 0.5572047423620612
29 27 19 0.8315177923021059 0.8653594771241828 0.8795933188090052
29 28 19 0.8774735700731907 0.9137797054305592 0.932050239450619
29 28 20 0.9968627450980392 0.996078431372549 0.9966013071895424
27 28 19 0.8542542542542544 0.8554790084201849 0.8551845963610669
29 28 14 0.7029059829059829 0.7346204122674711 0.7531422825540471
27 27 19 0.89760348583878 0.9204625439919558 0.9301323948382773
28 28 15 0.9829201101928376 0.9855614973262032 0.983065953654189
30 28 15 0.7593629591574623 0.8331535234181011 0.8797499785940577
31 28 15 0.6897475330001281 0.7383826733307701 0.7704472638728694
34 28 17 0.3588573360378634 0.3078431372549019 0.2577178889176815
30 28 14 0.625648323845667 0.6524035420619861 0.6675521821631878
29 28 15 0.8302086131256156 0.9015847434864358 0.9465126689945386
32 28 15 0.4618063441592853 0.4842304489363312 0.5028541146188206
26 27 19 0.89760348583878 0.9204625439919558 0.9301323948382773
22 28 21 0.8226445449974862 0.8301860231271996 0.8306485671191555
26 28 20 0.3499019607843137 0.3499019607843137 0.3499019607843137
27 28 16 0.7522935779816511 0.7754272351142292 0.7789890268033818
31 28 16 0.7524221453287196 0.8209342560553633 0.8631103421760861
23 28 23 0.6645368492224477 0.6700811359026368 0.6516565246788371
34 28 22 0.6646852425180599 0.6953973168214654 0.7027450980392156
18 28 28 0.9801196154137332 0.926822620940268 0.8998712998712999
13 28 28 0.8832054560954815 0.7858482523444159 0.7578289286729185
21 28 19 0.3165181224004753 0.3163992869875223 0.3133095662507427
20 28 19 0.3165181224004753 0.3163992869875223 0.3133095662507427
19 28 27 0.4873112463376154 0.4804146946134776 0.4680414694613477
34 28 19 0.3567887532371437 0.313873473917869 0.270440251572327
35 28 19 0.268609125893348 0.2517317207256734 0.2358988455195161
21 28 20 0.4365569956796278 0.4372881355932203 0.4372881355932203
18 28 27 0.4873112463376154 0.4804146946134776 0.4680414694613477
27 28 18 0.9777290020485808 0.983991805677495 0.9832894351770562
28 28 18 0.8808850914667543 0.9250520319859789 0.9464563479022896
22 28 20 0.4365569956796278 0.4372881355932203 0.4372881355932203
35 28 20 0.268609125893348 0.2517317207256734 0.2358988455195161
30 28 19 0.7742872284048755 0.8342342342342343 0.8695495495495495
26 28 19 0.5513184584178499 0.5517241379310345 0.5511832319134551
31 28 19 0.669678328847879 0.7168653082147892 0.7383570421632706
23 28 25 0.4758556677108713 0.4793131453764938 0.4658313029353754
27 28 24 0.9511138486808336 0.953700852068576 0.9485473770660096
31 28 14 0.625648323845667 0.6524035420619861 0.6675521821631878
26 28 24 0.9817914831130692 0.985315712187959 0.9800984711065044
25 28 24 0.9817914831130692 0.985315712187959 0.9800984711065044
28 28 16 0.8516057233704293 0.8920030757401001 0.921376393694733
29 28 16 0.8366974240676663 0.9015847434864358 0.9465126689945386
22 28 22 0.8226445449974862 0.8301860231271996 0.8306485671191555
30 28 16 0.792136113704741 0.8590725178960472 0.8978524743230628
27 28 20 0.5513184584178499 0.5517241379310345 0.5511832319134551
29 28 17 0.8366974240676663 0.8920030757401001 0.921376393694733
34 28 21 0.6646852425180599 0.6953973168214654 0.7027450980392156
30 28 17 0.792136113704741 0.8590725178960472 0.8978524743230628
28 28 17 0.8808850914667543 0.9250520319859789 0.9464563479022896
33 28 22 0.6646852425180599 0.6953973168214654 0.6994787788533133
32 28 17 0.6653846153846152 0.6987179487179487 0.7076168929110107
39 29 15 0.168213200773267 0.1145539906103286 0.0756144711405688
32 28 22 0.5234068627450981 0.5289522058823529 0.5203431372549019
31 28 17 0.7524221453287196 0.8209342560553633 0.8631103421760861
22 28 23 0.7470824474368061 0.7540278762107252 0.7477911646586345
38 29 15 0.1936098180279305 0.1366342220341373 0.0796868387642826
23 28 24 0.6645368492224477 0.6700811359026368 0.6516565246788371
12 29 24 0.8225439919557567 0.7531422825540474 0.7158371040723981
37 29 15 0.2004171881518563 0.1366342220341373 0.0883001134338032
27 28 17 0.9777290020485808 0.983991805677495 0.9832894351770562
19 29 16 0.6938634713144517 0.5736746550472039 0.5160130718954248
36 29 15 0.2004171881518563 0.1358364622444722 0.0883001134338032
29 28 18 0.8774735700731907 0.9137797054305592 0.932050239450619
30 28 18 0.7742872284048755 0.8342342342342343 0.8695495495495495
20 29 16 0.6938634713144517 0.5736746550472039 0.5160130718954248
36 29 16 0.2003095975232197 0.1361197110423116 0.0877812177502579
24 28 24 0.9817914831130692 0.985315712187959 0.9800984711065044
31 28 18 0.7071467839472236 0.7670331684075499 0.8022906358805205
32 28 18 0.6653846153846152 0.6987179487179487 0.7076168929110107
24 28 25 0.6645368492224477 0.6700811359026368 0.6516565246788371
12 29 25 0.9469434832756632 0.8821552150271873 0.8376338770802441
35 29 16 0.2106417112299464 0.1478966131907308 0.0865775401069518
18 29 16 0.2717416378316032 0.2588235294117647 0.2569780853517878
18 29 17 0.4423529411764705 0.4232679738562091 0.4211764705882352
20 29 17 0.8475867269984915 0.668627450980392 0.6079939668174963
27 29 14 0.9302301790281332 0.9177323103154306 0.8942540494458653
28 29 14 0.9302301790281332 0.9177323103154306 0.8942540494458653
28 29 15 0.9302301790281332 0.9177323103154306 0.8942540494458653
13 29 25 0.9183574879227052 0.7911845730027547 0.7310646572678656
29 29 14 0.9145030425963488 0.8838066260987154 0.8493238674780258
27 29 15 0.802018795683954 0.7103376261747302 0.6571179951270449
19 29 17 0.8475867269984915 0.668627450980392 0.6079939668174963
30 29 14 0.8076797385620914 0.7849673202614379 0.7524509803921569
34 29 16 0.2426433168687322 0.1816045502170333 0.1266277503367758
13 29 26 0.9183574879227052 0.7911845730027547 0.7310646572678656
29 29 15 0.9145030425963488 0.8838066260987154 0.8493238674780258
30 29 15 0.8076797385620914 0.7849673202614379 0.7524509803921569
33 29 16 0.2975490196078431 0.272156862745098 0.2555882352941176
32 28 19 0.2125902992776057 0.2215686274509803 0.2233230134158926
31 29 14 0.7267156862745098 0.7102941176470587 0.6862745098039216
31 29 15 0.7267156862745098 0.7102941176470587 0.6862745098039216
34 29 17 0.3392789373814042 0.3005150447275684 0.264010120177103
32 29 15 0.3310227874933757 0.2999682034976152 0.2792156862745097
27 29 16 0.7408388520971303 0.7103376261747302 0.6571179951270449
35 29 21 0.4676197567634648 0.4864432861752295 0.4916058575328866
13 29 27 0.8955237872041248 0.7577533005233966 0.6887118193891102
32 28 20 0.0 0.0 0.0
36 29 21 0.3358543417366946 0.3375350140056022 0.330812324929972
31 29 16 0.6734912146676851 0.6788897377132671 0.6639164756811815
32 29 16 0.3310227874933757 0.2999682034976152 0.2792156862745097
34 29 18 0.3392789373814042 0.3005150447275684 0.264010120177103
27 29 17 0.6396793200038635 0.6383463730319715 0.635062300782382
21 29 19 0.6246046805819102 0.6244781783681216 0.6222011385199241
20 29 19 0.6246046805819102 0.6244781783681216 0.6222011385199241
13 29 28 0.8436578171091444 0.7531494013534618 0.7342703453062641
40 29 15 0.168213200773267 0.1145539906103286 0.0756144711405688
17 29 28 0.9265151515151516 0.8432218930737763 0.827124183006536
18 29 28 0.9254648956356736 0.84 0.8153067678684376
32 29 18 0.2104575163398692 0.2209150326797385 0.2218954248366013
21 29 20 0.6547025589896978 0.6564971751412432 0.6558989697573946
34 29 19 0.3978458989229495 0.3810549571941453 0.3658657829328914
15 29 28 0.6450980392156862 0.5798893916540976 0.5506284565108094
27 29 18 0.4878488621726063 0.488306855588951 0.4874194933447832
16 29 28 0.9265151515151516 0.8432218930737763 0.827124183006536
22 29 20 0.6547025589896978 0.6564971751412432 0.6558989697573946
35 29 19 0.221993313454414 0.1946688352760458 0.1762898707870244
22 29 21 0.7906021580229726 0.7950574312565263 0.7948021812275206
35 29 20 0.221993313454414 0.1946688352760458 0.1762898707870244
27 29 19 0.2972824217406261 0.2974888200894393 0.2974888200894393
28 29 16 0.5774712643678162 0.576659905341447 0.5734415145368492
30 29 16 0.5876283846872082 0.5893090569561158 0.5816993464052288
29 29 16 0.5701170390636876 0.5715154278765769 0.569296245630035
22 29 22 0.7906021580229726 0.7950574312565263 0.7948021812275206
23 29 23 0.6539116656763715 0.6569023569023569 0.6399088928500694
28 29 17 0.2857142857142857 0.2857142857142857 0.2857142857142857
32 29 22 0.2811594202898551 0.2840579710144927 0.2794543904518329
33 29 22 0.6453781512605042 0.65542823189882 0.6456158220864102
29 29 17 0.5701170390636876 0.5715154278765769 0.569296245630035
30 29 17 0.5193899782135076 0.5254901960784314 0.5237472766884532
31 29 17 0.5876283846872082 0.5893090569561158 0.5816993464052288
22 29 23 0.7265151515151516 0.7321301247771835 0.7233957219251337
34 29 21 0.6459893048128342 0.6780748663101606 0.6798573975044564
23 29 24 0.6539116656763715 0.6569023569023569 0.6399088928500694
34 29 22 0.6459893048128342 0.6780748663101606 0.6798573975044564
12 30 24 0.6777816452024596 0.560018563638473 0.5112426035502958
25 29 24 0.9814795008912656 0.9845632798573976 0.9760962566844922
39 30 15 0.1687172578955245 0.1080377189043556 0.037733872174824
40 30 15 0.1687172578955245 0.1080377189043556 0.037733872174824
38 30 15 0.1813763936947327 0.1158538629126863 0.037733872174824
37 30 15 0.1899346405228758 0.1158538629126863 0.0364169599463716
24 29 24 0.9814795008912656 0.9845632798573976 0.9760962566844922
24 29 25 0.6539116656763715 0.6569023569023569 0.6399088928500694
23 29 25 0.5307929461092613 0.5336539647305463 0.518954248366013
19 30 16 0.6743175701653209 0.5737793156478276 0.5204921184159939
12 30 25 0.8430816298150465 0.6897510777360588 0.6366013071895426
20 30 16 0.6743175701653209 0.5737793156478276 0.5204921184159939
19 29 27 0.9132438940488478 0.8897718151588121 0.8649810801513589
28 29 24 0.9849288735101888 0.9904805843906191 0.9889888504421376
36 30 16 0.2006081577015832 0.1146482122260668 0.035860333438188
36 30 15 0.1899346405228758 0.1032679738562091 0.0362091503267973
13 30 25 0.8430816298150465 0.6897510777360588 0.6366013071895426
27 30 15 0.8212976247409535 0.6224613422604814 0.5167224613422605
13 30 26 0.8829001367989057 0.7519987840097279 0.7074327405380756
35 30 16 0.2081815467303672 0.1281775654424205 0.0350552403702597
18 29 27 0.3598207282913165 0.3394957983193277 0.3315182072829131
18 30 16 0.1270588235294117 0.1079738562091503 0.1048366013071895
20 30 17 0.7339869281045751 0.5737793156478276 0.5204921184159939
34 30 16 0.2211437908496732 0.1341503267973856 0.0503267973856208
18 30 17 0.1718360071301247 0.1433155080213903 0.1397504456327985
19 30 17 0.7339869281045751 0.5526143790849672 0.4898692810457516
27 29 24 0.9849288735101888 0.9904805843906191 0.9889888504421376
34 30 17 0.3005545652604475 0.2350351461339252 0.1641694413614502
32 30 16 0.3987529111261362 0.3163248441138908 0.2741341747426939
26 29 24 0.9849288735101888 0.9904805843906191 0.9889888504421376
13 30 27 0.8829001367989057 0.7519987840097279 0.7074327405380756
33 30 16 0.3276292335115864 0.2988413547237076 0.2741341747426939
21 30 19 0.5883017613825191 0.5887670322366234 0.5863742107012296
35 30 21 0.4480016047339651 0.4613610149942329 0.4633869916252945
20 30 19 0.5883017613825191 0.5887670322366234 0.5863742107012296
34 30 18 0.3005545652604475 0.2350351461339252 0.1974625144175316
13 30 28 0.88150424348844 0.8035703833772313 0.7856014047410007
36 30 21 0.3104575163398693 0.3013071895424836 0.2915032679738562
35 29 22 0.6444444444444445 0.6666666666666666 0.6784313725490195
21 30 20 0.7654901960784315 0.7667226890756305 0.7673389355742299
17 30 28 0.9240925435918314 0.8350109718977843 0.8125272331154684
18 30 28 0.8889978213507624 0.8233660130718954 0.8125272331154684
15 30 28 0.6970521541950113 0.6010137388288649 0.5694010937708417
22 30 20 0.7654901960784315 0.7667226890756305 0.7673389355742299
16 30 28 0.9240925435918314 0.8350109718977843 0.8019253910950661
34 30 19 0.2519492502883506 0.2203460207612455 0.1974625144175316
28 30 24 0.9912397216951296 0.9941176470588236 0.9937581699346404
35 30 19 0.1459694989106754 0.1326513213981244 0.1233873259448706
22 30 21 0.8202860091404983 0.8266843579537078 0.8204039510541059
27 30 16 0.8835294117647058 0.6690196078431373 0.5298039215686273
35 30 20 0.1459694989106754 0.1326513213981244 0.1233873259448706
22 30 22 0.8202860091404983 0.8266843579537078 0.8204039510541059
23 30 23 0.6172448466566113 0.6224233283056813 0.6112116641528406
22 30 23 0.6172448466566113 0.6224233283056813 0.6112116641528406
19 31 16 0.947525676937442 0.9208662569505416 0.9134328358208956
20 31 16 0.6883079157588959 0.6081699346405229 0.5702977487291213
27 30 24 0.9912397216951296 0.994418089816572 0.9938013915243517
23 30 24 0.649688581314879 0.6522260668973472 0.6349480968858131
26 30 24 0.9912397216951296 0.9939433551198258 0.9924183006535948
12 31 24 0.7920573305464316 0.6079298017549561 0.5199436680749648
34 30 22 0.6503362697736098 0.6690537084398978 0.6671213412901391
18 31 16 0.9108359133126934 0.8439628482972136 0.8287925696594428
37 31 15 0.1794117647058823 0.1153310599602159 0.0391872691105427
38 31 15 0.1794117647058823 0.1153310599602159 0.0391872691105427
25 30 24 0.9839932860303656 0.9859159227893493 0.9788204776073854
33 30 22 0.7034251675353685 0.7271531397369074 0.7296475552246214
18 31 17 0.4128851540616246 0.3456582633053222 0.3361344537815126
20 31 17 0.7715983363042187 0.7012477718360071 0.6768865121806298
27 31 15 0.6906460945033752 0.5454837672774029 0.4676952748312438
24 30 25 0.8970588235294117 0.900700280112045 0.8872148859543817
19 31 17 0.7715983363042187 0.7012477718360071 0.6768865121806298
23 30 25 0.5040793328825782 0.5071444669821951 0.4977462249267522
36 31 15 0.195856455789863 0.1223825379208286 0.0383150389342339
36 31 16 0.1994370954123275 0.1228820714888825 0.0383150389342339
12 31 25 0.7920573305464316 0.6373046680601173 0.5591917985468299
39 31 15 0.1820711862457592 0.1158530274279799 0.0428382496693691
40 31 15 0.1820711862457592 0.1158530274279799 0.0428382496693691
27 31 16 0.7490742638518822 0.6113137938102071 0.5383616861378697
13 31 26 0.809342115224468 0.6794912559618441 0.6270875917934742
24 30 24 0.9839932860303656 0.9859159227893493 0.9788204776073854
29 30 23 0.853359353219961 0.8681535173311029 0.8705138927608959
30 30 23 0.8630758327427357 0.8780770139381053 0.8847862036380817
35 31 16 0.2009883628248047 0.1246453052765821 0.0364737765024708
19 30 27 0.9074440395627278 0.8631152756087687 0.8397478165307423
32 30 22 0.7625396825396825 0.7860877684407097 0.7969934640522877
20 30 27 0.9074440395627278 0.8631152756087687 0.8397478165307423
20 29 27 0.9132438940488478 0.8897718151588121 0.8649810801513589
13 31 25 0.7594975490196079 0.6110294117647059 0.5505514705882353
18 30 27 0.406718954248366 0.3989281045751634 0.3970980392156862
21 31 19 0.7849222447599731 0.788235294117647 0.7866801893171061
31 30 22 0.871870286576169 0.8932880844645551 0.8962527233115469
13 31 27 0.9481649069884366 0.9177591036414566 0.9018487394957984
20 31 19 0.9263305322128852 0.9166822284469344 0.9072517896047309
31 30 23 0.871870286576169 0.8932880844645551 0.8962527233115469
32 31 16 0.4774585803313573 0.3613619091047271 0.2979784161726706
34 31 16 0.2009883628248047 0.126840244294439 0.0431211828993892
28 30 23 0.8781960784313728 0.8781960784313728 0.8781960784313728
33 31 16 0.1607843137254902 0.1490196078431372 0.1464052287581699
34 31 17 0.217100904288656 0.1538365117736592 0.0906079326707851
32 31 17 0.5395617070357556 0.4777046482928836 0.4354175236528178
30 30 22 0.871870286576169 0.8932880844645551 0.8962527233115469
33 31 17 0.4666666666666667 0.3803921568627451 0.3372549019607843
21 31 20 0.7849222447599731 0.788235294117647 0.7866801893171061
13 31 28 0.9481649069884366 0.924333836098542 0.9207642031171442
22 31 20 0.7849222447599731 0.788235294117647 0.7866801893171061
27 30 23 0.9912397216951296 0.994418089816572 0.9938013915243517
18 31 28 0.8861805800164374 0.825877656451802 0.8118821181167076
17 31 28 0.8861805800164374 0.825877656451802 0.8118821181167076
25 30 25 0.9839932860303656 0.9859159227893493 0.9788204776073854
34 31 18 0.217100904288656 0.1538365117736592 0.0906079326707851
16 31 28 0.8844106463878327 0.8200402594497875 0.7976440766420638
15 31 28 0.6611164684453017 0.6106075216972033 0.5938712096860602
22 31 21 0.7939646780698095 0.788235294117647 0.7866801893171061
39 31 14 0.1770308123249299 0.1158530274279799 0.0428382496693691
34 30 21 0.6503362697736098 0.6690537084398978 0.6671213412901391
22 31 22 0.7939646780698095 0.7877624808788763 0.7741343345848978
33 30 21 0.7034251675353685 0.7271531397369074 0.7296475552246214
30 31 23 0.9849197860962569 0.9911051693404636 0.9925133689839571
33 31 22 0.7474547511312216 0.7685143288084464 0.7912330316742082
34 31 19 0.1918648310387984 0.1519816437213183 0.116854401335002
32 31 22 0.8369431164692024 0.861456384674011 0.8872860805099425
29 31 23 0.9647197394859004 0.974350446892538 0.9781750155892744
23 31 23 0.5206599713055954 0.526781444285031 0.5166427546628408
28 31 23 0.9562264150943396 0.9561524232334444 0.9557380688124306
35 31 19 0.0718192209619273 0.0640288402356458 0.0582959641255605
31 31 22 0.9651265870332808 0.9799564270152504 0.9890316279768612
30 31 22 0.9849197860962569 0.9911051693404636 0.9925133689839571
22 31 23 0.5206599713055954 0.526781444285031 0.5166427546628408
19 32 13 0.7995569776027565 0.6079908113873165 0.4805972598244319
35 31 20 0.0718192209619273 0.0640288402356458 0.0582959641255605
18 32 13 0.8215686274509802 0.8209150326797386 0.9028322440087148
27 31 23 0.9966160657811513 0.9965211891208096 0.9969955724225176
18 31 13 0.8627450980392157 0.8235294117647058 0.8705882352941177
19 32 14 0.693172130512284 0.54210648686352 0.453165930403782
18 31 14 0.8860009119927041 0.8722298221614225 0.9338805289557685
18 32 14 0.8457959454968428 0.8209150326797386 0.9028322440087148
23 31 24 0.6034364261168385 0.6052557105316353 0.5941985041439256
25 31 24 0.9983115468409586 0.99840232389252 0.9973674655047204
27 31 24 0.99840232389252 0.9974945533769064 0.9981844589687728
15 32 20 0.9512995896032832 0.653673777203189 0.5371687136393019
35 31 21 0.2889561707035755 0.2898500576701269 0.2952998846597462
19 31 14 0.8755417956656348 0.8722298221614225 0.9338805289557685
26 31 24 0.99840232389252 0.99840232389252 0.9981844589687728
24 31 24 0.9970548862115126 0.997165131112686 0.9966769036932044
12 32 24 0.8936335027838295 0.6545146453643187 0.548390220285645
13 32 23 0.9227493147796751 0.6485768500948766 0.5408602150537634
20 31 20 0.9263305322128852 0.9166822284469344 0.9072517896047309
14 32 20 0.8920536635706915 0.6338493292053663 0.5494324045407636
13 32 24 0.9589808115759672 0.6858131487889273 0.5643913180245359
12 32 23 0.4823529411764706 0.3431372549019608 0.288235294117647
19 31 15 0.947525676937442 0.9208662569505416 0.9338805289557685
23 31 25 0.8063437139561708 0.8126105344098421 0.8276432141484045
18 31 15 0.947525676937442 0.9208662569505416 0.9338805289557685
14 32 21 0.8773515203182721 0.6367149758454106 0.5568627450980392
15 32 21 0.93807396376272 0.6586994291387441 0.5659220650285431
24 31 25 0.8063437139561708 0.8126105344098421 0.8276432141484045
37 32 15 0.3083109385886334 0.1972529113168109 0.1040310540459838
38 32 15 0.2338111715274345 0.1453122425440764 0.0714780029658922
20 31 21 0.8082099026661024 0.8030187614614192 0.7944985188319933
12 32 25 0.9636240703177824 0.7315753887762003 0.6171737660581476
13 32 25 0.9457276488577084 0.6684655513581578 0.5668465551358157
39 32 15 0.221648987463838 0.1427997428479588 0.0741562198649951
19 31 27 0.8965907083554144 0.85359477124183 0.8314196549490668
18 32 15 0.8457959454968428 0.7740112994350283 0.7462279827185111
19 32 15 0.6058985577702155 0.480667638956409 0.4141306109220548
20 31 27 0.8965907083554144 0.85359477124183 0.8314196549490668
40 32 15 0.1590652699435938 0.1013698630136986 0.0479720655385441
34 31 21 0.6812263814616756 0.6997219251336899 0.7237076648841355
14 32 22 0.9151426907396624 0.6464569986410407 0.570794633642931
15 32 22 0.9151426907396624 0.6464569986410407 0.5674626286158027
36 32 16 0.1900608519269776 0.1101926977687626 0.0451487491548343
37 32 16 0.145723216822961 0.0847684001136686 0.0341574310883773
37 31 16 0.1568627450980392 0.0823529411764705 0.0235294117647058
33 31 21 0.7185860259596798 0.7443247721623861 0.7695111847555921
18 31 27 0.4567951318458418 0.4498444895199459 0.4471670047329277
35 32 16 0.2253019607843136 0.1320941176470587 0.055435294117647
15 32 24 0.9512605042016806 0.6921916695672353 0.5950311942959001
13 32 22 0.8564499484004129 0.6353973168214656 0.570794633642931
27 32 16 0.6490196078431372 0.4706072720350275 0.3519512659432705
17 32 19 0.970853889943074 0.6906805074971166 0.566712802768166
18 32 16 0.9010457516339868 0.7740112994350283 0.6647058823529413
19 32 16 0.5593251253989966 0.4527131782945735 0.4056543547651617
14 32 23 0.9236760124610592 0.6805704099821748 0.5950311942959001
15 32 23 0.9236760124610592 0.6805704099821748 0.5950311942959001
13 32 26 0.9139278937381404 0.6335989879822898 0.5309044908285895
20 31 22 0.2298642533936651 0.2302664655605832 0.2294620412267471
16 32 19 0.970853889943074 0.6739869281045752 0.5568627450980391
27 32 17 0.8142889339643904 0.66710615280595 0.5115408100956645
15 32 19 0.9409114997350292 0.6481717011128776 0.5323264440911499
15 32 25 0.9512605042016806 0.7019418395377475 0.6143790849673203
20 32 18 0.6504504504504505 0.5003974562798092 0.4172760996290408
20 31 18 0.9263305322128852 0.9105141269106072 0.8935927126756215
16 32 20 0.9512995896032832 0.6736928104575163 0.5552287581699346
17 32 20 0.970853889943074 0.6739869281045752 0.5568627450980391
26 32 17 0.8714700081215918 0.66710615280595 0.5115408100956645
14 32 25 0.9589808115759672 0.7019418395377475 0.6143790849673203
27 31 17 0.842125237191651 0.7984819734345352 0.7796331435800127
20 32 16 0.7792933598560197 0.54966373022639 0.4203656341763758
16 32 21 0.9512995896032832 0.6586994291387441 0.5659220650285431
34 32 16 0.3076512307050479 0.1834960367125573 0.088043387567793
14 31 25 0.3647058823529412 0.2901960784313726 0.2729411764705882
20 32 19 0.6964396284829721 0.5595459236326109 0.4708978328173375
14 32 26 0.9457276488577084 0.6684655513581578 0.5668465551358157
20 32 12 0.7757054041128646 0.5724533715925395 0.3894094164611952
19 31 18 0.9429110105580694 0.9268853695324284 0.9143665158371042
21 32 19 0.8163537755527744 0.5783479349186482 0.4708978328173375
14 31 26 0.3647058823529412 0.2901960784313726 0.2729411764705882
21 32 12 0.6617823177175061 0.5058823529411764 0.3894094164611952
16 32 23 0.9151426907396624 0.6609625668449197 0.5778966131907308
23 32 12 0.923409012727898 0.6437564499484003 0.4755878446996328
19 32 12 0.7757054041128646 0.5724533715925395 0.3834528933524629
32 32 17 0.604361370716511 0.4076782114715044 0.2717976910390324
34 32 17 0.2570863433092535 0.1568111455108359 0.0780529755761953
22 32 12 0.7678462620107804 0.6065463635653464 0.4755878446996328
24 32 12 0.924087358520644 0.6523210993799229 0.4435562259091671
25 32 12 0.924087358520644 0.6757369614512472 0.4896892090169401
16 32 22 0.93807396376272 0.6586994291387441 0.5674626286158027
34 32 11 0.4185641998734978 0.2655913978494623 0.1625036221385105
14 32 24 0.9589808115759672 0.6921916695672353 0.5911126580809838
35 32 21 0.4388712241653417 0.3722840487546369 0.339056703762586
26 32 12 0.8908363345338136 0.6757369614512472 0.4896892090169401
27 32 12 0.7860899653979239 0.5587543252595156 0.4097347174163783
20 32 17 0.6675027371354634 0.4986762217577385 0.3994426196874688
35 32 12 0.4184012066365007 0.2632478632478632 0.1598732422261833
28 32 12 0.6618209067066317 0.4994629699013362 0.3992006993880354
30 32 12 0.4886904761904762 0.3555672268907563 0.2547733847637415
18 32 17 0.9364743955834762 0.7216013071895425 0.6300920368147259
26 32 18 0.848606348368944 0.6866873065015479 0.5453645535884256
27 32 18 0.8533653461384556 0.6831692677070829 0.5453645535884256
17 32 21 0.930065359477124 0.7222222222222222 0.6620915032679738
32 32 12 0.4253628724216958 0.2754265342500636 0.1713106295149638
33 32 11 0.4351457339692633 0.2799576046634869 0.1743084260731319
33 32 12 0.4351457339692633 0.2799576046634869 0.1743084260731319
32 32 18 0.452014539497261 0.3869246915476373 0.3034226708434852
29 32 12 0.615753309870957 0.4727668845315904 0.3804571552377857
19 31 19 0.9913165266106444 0.9565826330532214 0.9378151260504204
36 32 12 0.4152109328579916 0.259160229748465 0.1415112386417981
32 31 18 0.5395617070357556 0.5228373702422145 0.5133794694348328
31 32 12 0.4678431372549019 0.2939471440750212 0.1770247229326513
20 32 13 0.9512665606783256 0.6622575516693164 0.4823953365129836
17 32 15 0.9010457516339868 0.7740112994350283 0.6647058823529413
34 32 12 0.4207862455326958 0.2697382401236356 0.1625036221385105
35 32 11 0.4078431372549019 0.2622549019607842 0.1598732422261833
21 32 13 0.9512665606783256 0.6622575516693164 0.4823953365129836
22 32 13 0.8454487486051332 0.6597800095648013 0.4823953365129836
23 32 13 0.7678462620107804 0.6065463635653464 0.4755878446996328
38 32 13 0.3568627450980392 0.2295900178253119 0.1297682709447415
17 32 16 0.9010457516339868 0.7216013071895425 0.6221895424836601
24 32 13 0.923409012727898 0.6437564499484003 0.4301685586515308
25 32 13 0.9444019027729436 0.6523210993799229 0.4435562259091671
13 32 27 0.9246998024015808 0.7644018847849217 0.7010183918528652
26 32 13 0.9444019027729436 0.6757369614512472 0.4896892090169401
27 32 13 0.9274838426990908 0.6046664475846204 0.4205060795267827
28 32 13 0.8612832115094559 0.5936883629191321 0.4205060795267827
38 32 14 0.3568627450980392 0.2295900178253119 0.1297682709447415
29 32 13 0.6999675008124798 0.4990358574368975 0.3804571552377857
35 32 20 0.3575960465487008 0.2690897497210266 0.209022796110314
36 32 13 0.4152109328579916 0.259160229748465 0.1423166623477584
37 32 13 0.4019003195992054 0.2541418329446315 0.1423166623477584
31 32 13 0.4707587382779198 0.2939471440750212 0.1770247229326513
32 32 13 0.4486274509803922 0.2858823529411763 0.1713106295149638
30 32 13 0.5536912032572591 0.3674274081217186 0.2547733847637415
21 32 20 0.7840796019900497 0.6444834650278023 0.5470295580918935
22 32 20 0.8163537755527744 0.5904490828589499 0.4794433902593295
34 32 18 0.2991886409736308 0.1875726842461122 0.104814063556457
39 32 14 0.221648987463838 0.1427997428479588 0.0741562198649951
33 32 13 0.4253628724216958 0.2754265342500636 0.1672823718859524
35 32 13 0.4184012066365007 0.2632478632478632 0.1465811965811965
14 32 27 0.9246998024015808 0.700840336134454 0.6219887955182074
26 32 19 0.8472844004858583 0.711250713877784 0.53493543758967
27 32 19 0.946868456120312 0.711250713877784 0.5453645535884256
32 32 19 0.4649787423059839 0.4073995208943305 0.3215153934877118
20 32 14 0.9774692485689928 0.678831022855002 0.4886645782573385
22 32 21 0.7412608053974278 0.5904490828589499 0.4794433902593295
17 32 17 0.9364743955834762 0.7196649533599846 0.6300920368147259
40 32 14 0.1590652699435938 0.1013698630136986 0.0479720655385441
30 32 14 0.7741255296088284 0.4909843334318651 0.3116563208197851
31 32 14 0.5881605975723622 0.36593837535014 0.2240522875816993
23 32 14 0.8539499036608864 0.605757678794061 0.4502323472741699
24 32 14 0.6295393897203851 0.4448311869126349 0.3336814015547047
25 32 14 0.7660049019607843 0.5341176470588235 0.3985049019607842
21 32 14 0.9774692485689928 0.678831022855002 0.4886645782573385
22 32 14 0.9723730517848164 0.6759175465057817 0.4886645782573385
13 32 28 0.9718228031953522 0.954248366013072 0.9597676107480028
34 32 13 0.4207862455326958 0.2697382401236356 0.1560348583877995
35 32 18 0.2324720542422576 0.1582921018874839 0.0771929824561403
18 32 22 0.960577915376677 0.8288207148888265 0.7682146542827658
20 32 15 0.9420908259676928 0.6455145788885502 0.4647973178908869
19 32 18 0.8623577826192206 0.7145258103241298 0.6300920368147259
26 32 14 0.9444019027729436 0.6523210993799229 0.4435562259091671
27 32 14 0.9335653788142476 0.627567003132614 0.4401670727462582
28 32 14 0.9335653788142476 0.627567003132614 0.4401670727462582
29 32 14 0.9312913331012878 0.6129249332869243 0.4042986425339366
17 32 22 0.7409803921568627 0.5352941176470587 0.4645098039215686
16 32 17 0.93492315845257 0.6675145733969265 0.5561208267090623
19 32 19 0.8623577826192206 0.7145258103241298 0.6300920368147259
37 32 14 0.4019003195992054 0.2541418329446315 0.1423166623477584
32 32 14 0.4751046486010134 0.2898435778805904 0.16827495042961
30 32 15 0.9085151431464606 0.5687195065819753 0.3646138267513578
33 32 14 0.4142678347934918 0.2427826449728827 0.1329995828118481
26 32 21 0.7333602856950341 0.6392022100936595 0.5753787878787878
31 32 15 0.8390328151986183 0.516265366250127 0.3019811033221579
32 32 15 0.574733893557423 0.339813258636788 0.1863305322128851
33 32 15 0.4309506080913376 0.2549267808389178 0.1282452221394886
34 32 19 0.4259148820818649 0.2944429384657088 0.2008493720068672
21 32 16 0.966586815721764 0.6465619732055717 0.4647973178908869
26 32 20 0.806630109670987 0.7127949484878698 0.53493543758967
17 32 28 0.9355707927342716 0.8167320261437909 0.7899782135076252
17 32 18 0.966551326412918 0.6906805074971166 0.566712802768166
18 32 18 0.9364743955834762 0.7145258103241298 0.6300920368147259
31 32 19 0.5264661520716883 0.4073995208943305 0.3215153934877118
35 32 19 0.2324720542422576 0.1582921018874839 0.0989554700384826
36 32 14 0.3946812733190442 0.2406128443280145 0.1296499166468206
23 32 23 0.7096573208722742 0.5244823162910024 0.4176104086494411
16 32 18 0.966551326412918 0.6906805074971166 0.566712802768166
22 32 22 0.7412608053974278 0.5904490828589499 0.4794433902593295
16 32 26 0.7803921568627451 0.6094658553076402 0.5700473292765382
15 32 28 0.564953560371517 0.4827244582043341 0.4741795665634675
32 32 20 0.4806033182503771 0.414860681114551 0.3886668543015292
35 32 14 0.4002295552367288 0.2375705404112864 0.1260832137733141
31 32 20 0.6517055123936366 0.5802293747687755 0.5339548649648539
17 32 23 0.907843137254902 0.6936764705882353 0.6257352941176471
18 32 23 0.9652890899949724 0.8905441466527443 0.8424643230073094
34 32 14 0.4069027611044418 0.236594637855142 0.1208083233293316
21 32 15 0.9774692485689928 0.678831022855002 0.4891042780748663
22 32 15 0.9723730517848164 0.6759175465057817 0.4891042780748663
23 32 15 0.9548014077425842 0.6366399814363616 0.4502323472741699
24 32 15 0.9144042232277524 0.6197586726998492 0.4322021116138763
25 32 15 0.7556100217864924 0.5655228758169935 0.4322021116138763
30 32 16 0.9085151431464606 0.5783579742057251 0.3820698332809059
19 31 20 0.9913165266106444 0.9565826330532214 0.9378151260504204
19 32 20 0.9707788671023968 0.904248366013072 0.8446350762527233
22 32 16 0.9723730517848164 0.675891265597148 0.4891042780748663
30 32 23 0.9668407007773524 0.8275321162947938 0.806977687626775
17 32 24 0.9053114916852818 0.7413998510796723 0.6920824025812856
15 32 27 0.0635294117647058 0.0515032679738562 0.0501960784313725
26 32 15 0.7333584715937658 0.5457013574660632 0.4186023127199597
27 32 15 0.9184263448969332 0.627567003132614 0.4351684263448969
28 32 15 0.9362242332830568 0.627567003132614 0.4401670727462582
34 32 15 0.4069027611044418 0.236594637855142 0.1208083233293316
35 32 15 0.3952893352462935 0.236594637855142 0.1208083233293316
29 32 15 0.9362242332830568 0.6130718954248365 0.4042986425339366
31 32 16 0.8702169625246549 0.5604130409560274 0.359740109061376
32 32 16 0.604361370716511 0.4076782114715044 0.2717976910390324
33 32 16 0.4688478941872607 0.2855087597169045 0.1581157906949761
17 32 25 0.9866515837104074 0.8712820512820513 0.8302413273001509
23 32 17 0.9498225957049484 0.6099346405228757 0.4103267973856208
29 32 23 0.8750236646382692 0.8275321162947938 0.806977687626775
36 32 15 0.3863480392156863 0.2375705404112864 0.1260832137733141
31 32 21 0.6566219470244239 0.6002407980736154 0.5756621947024424
16 32 27 0.8987906539861455 0.7586004461664906 0.7373957966420099
17 32 27 0.9053594771241832 0.8167320261437909 0.7899782135076252
18 32 20 0.7235694277711084 0.5981592637054822 0.547579031612645
38 32 16 0.0868937048503612 0.0461300309597522 0.0156862745098039
18 32 25 0.9866515837104074 0.909082915677482 0.86831970456344
15 32 18 0.4843137254901961 0.3392156862745098 0.2823529411764706
21 32 17 0.7825733843833391 0.5540085856827938 0.4203656341763758
22 32 17 0.966586815721764 0.6465619732055717 0.4624434389140272
24 32 17 0.9671949144954786 0.6391798728623868 0.4435132957292506
25 32 17 0.9685346327880264 0.662044817927171 0.4587710084033614
23 32 24 0.5881000676132522 0.4449917898193761 0.3636627064618951
18 32 28 0.9053594771241832 0.8167320261437909 0.7899782135076252
18 32 19 0.6457516339869281 0.5150326797385621 0.4692810457516339
33 32 22 0.5851258846733961 0.5651235642185868 0.5715512240399119
20 32 23 0.9746843239913764 0.9139758030871922 0.8475038242247254
22 32 23 0.6276601307189542 0.5359999999999999 0.4648888888888888
25 32 24 0.8717721050684422 0.7760759649771857 0.7307436182019977
28 32 23 0.871078431372549 0.7848715348208247 0.7509127789046652
30 32 17 0.8201950298836111 0.5783579742057251 0.3820698332809059
19 32 21 0.9808691043985164 0.9000659087164278 0.8219146482122262
24 32 24 0.8372549019607844 0.7174655047204065 0.6629629629629629
32 32 21 0.4768552397035369 0.414860681114551 0.3886668543015292
16 32 25 0.8504111321948133 0.6154332700822265 0.557179000632511
16 32 28 0.9355707927342716 0.7936244436424875 0.7689402141224586
23 32 16 0.9576981088293308 0.6366399814363616 0.4338786402134817
24 32 16 0.9685346327880264 0.6583826429980277 0.4566887109873536
25 32 16 0.9685346327880264 0.6583826429980277 0.4566887109873536
27 32 23 0.871078431372549 0.7119006018248885 0.631896719083673
32 32 22 0.5851258846733961 0.5651235642185868 0.5715512240399119
34 32 21 0.4785258681785967 0.3878934137757668 0.3479537456008044
20 32 20 0.9707788671023968 0.904248366013072 0.8446350762527233
21 32 18 0.7825733843833391 0.5540085856827938 0.4172760996290408
28 32 17 0.7680295436560274 0.5666754594214368 0.3987690143321903
35 32 17 0.1133986928104574 0.0604575163398692 0.0152505446623093
23 32 18 0.9476737440538348 0.6272189349112427 0.4050817960320223
24 32 18 0.9754198330049724 0.6857233704292529 0.469655537890832
25 32 18 0.9754198330049724 0.6866873065015479 0.4740407167651749
18 32 24 0.9652890899949724 0.8964845109641489 0.8579185520361992
23 32 25 0.6527731092436975 0.6425770308123248 0.6422408963585433
24 32 25 0.6527731092436975 0.6425770308123248 0.6422408963585433
33 32 18 0.4704025989093862 0.3555498721227622 0.2781074168797953
29 32 17 0.6640069889341875 0.4825082508250825 0.3379926227916909
26 32 16 0.8714700081215918 0.6163127973082725 0.4377073906485671
28 32 16 0.8105812739296903 0.554727926673628 0.38665738484743
31 32 22 0.773845538215286 0.7379431772709082 0.7288515406162465
26 32 24 0.9018322082931534 0.8461587913854065 0.8181935069109612
29 32 16 0.9362242332830568 0.6130718954248365 0.4042232277526395
18 32 21 0.8842013238416385 0.7755713750468339 0.7223679280629449
17 32 26 0.98255651987571 0.873909782492232 0.8426443801564341
18 32 26 0.9866515837104074 0.8951022110972049 0.8537505214851898
33 32 21 0.4806033182503771 0.3878934137757668 0.3479537456008044
28 32 18 0.8533653461384556 0.6604246432300732 0.4429516185172293
27 32 24 0.9018322082931534 0.8461587913854065 0.8181935069109612
20 32 21 0.9808691043985164 0.904248366013072 0.8446350762527233
31 32 17 0.8702169625246549 0.5604130409560274 0.359740109061376
33 32 17 0.4704025989093862 0.2990602158022972 0.1742197470704257
30 32 22 0.9668407007773524 0.8019955911358626 0.7288515406162465
22 32 18 0.7825733843833391 0.5540085856827938 0.4171017519433809
20 32 22 0.9808691043985164 0.9109982174688056 0.8336512983571808
29 32 18 0.8289592760180996 0.575310360830723 0.3914375217542638
30 32 18 0.6266968325791854 0.4458773252890899 0.3220462543991955
19 32 22 0.9710695187165777 0.9109982174688056 0.8336512983571808
23 32 20 0.7883589471824766 0.5530920060331825 0.4004901960784314
22 32 19 0.8163537755527744 0.5783479349186482 0.4286816854401335
23 32 19 0.7100359670495419 0.4980160111381831 0.3553776540201879
24 32 19 0.8886645782573385 0.6272189349112427 0.4532776424179139
25 32 19 0.9754198330049724 0.7036199095022625 0.4901206636500754
30 32 20 0.8764513648596695 0.7238946559015764 0.5417636573345915
16 32 24 0.0 0.0 0.0
33 32 19 0.4649787423059839 0.3759709289121053 0.2967522143992732
29 32 20 0.9693194925028836 0.7336688686169655 0.5417636573345915
19 32 23 0.9746843239913764 0.9139758030871922 0.8475038242247254
23 32 21 0.7883589471824766 0.5510157216039567 0.3828828828828828
24 32 21 0.8359202504531225 0.5962267259845113 0.4421651013346516
18 32 27 0.98255651987571 0.873909782492232 0.8426443801564341
31 32 18 0.5825965889314304 0.4149901380670611 0.3034226708434852
28 32 19 0.9693194925028836 0.6862513052558302 0.4668290985033066
29 32 21 0.9693194925028836 0.7668320340184266 0.6749586581620599
30 32 21 0.9204110559886604 0.7668320340184266 0.6749586581620599
29 32 19 0.9693194925028836 0.6862513052558302 0.463905325443787
30 32 19 0.8428263988522238 0.6015542802486848 0.4064562410329985
20 32 24 0.9746843239913764 0.9139758030871922 0.8650554795561636
25 32 21 0.8359202504531225 0.6210976010515938 0.4802059371234527
19 32 24 0.9652890899949724 0.9139668174962294 0.8650554795561636
24 32 20 0.7451985922574159 0.5530920060331825 0.4245852187028656
25 32 20 0.8109204793028323 0.6012254901960783 0.4596949891067537
28 32 21 0.9694165471066476 0.721449188812581 0.538011346670648
27 32 20 0.9694165471066476 0.7132950741272119 0.53493543758967
23 32 22 0.7842441118459219 0.5564682677804849 0.3964032950458289
24 32 22 0.8114192827390024 0.6059331504622574 0.4837955907751702
25 32 22 0.8359202504531225 0.6357350040607959 0.5325068143849466
33 32 20 0.4806033182503771 0.3878934137757668 0.3445701357466063
28 32 20 0.9694165471066476 0.7336688686169655 0.5171442936148818
28 32 22 0.8592000000000001 0.6823843137254904 0.5790117647058824
29 32 22 0.9668407007773524 0.8019955911358626 0.667177166724678
34 32 20 0.4428206065034709 0.3465107782243332 0.2909755206430398
19 32 25 0.9831713554987211 0.911457800511509 0.8703495311167946
20 32 25 0.9751799453958798 0.9139668174962294 0.8703495311167946
24 32 23 0.7872607030978073 0.5927137718992922 0.4978767838496345
25 32 23 0.830351548903585 0.6357350040607959 0.5321015585721468
27 32 21 0.8592000000000001 0.7127949484878698 0.5753787878787878
19 32 26 0.9868107242897158 0.9103641456582636 0.8769747899159666
26 32 22 0.830351548903585 0.6644162210338681 0.5491285403050108
27 32 22 0.8142602495543673 0.6644162210338681 0.5753787878787878
20 32 26 0.9868107242897158 0.911457800511509 0.8769747899159666
19 32 27 0.9846179851250844 0.8957065584854632 0.8729546991210281
20 32 27 0.9868107242897158 0.9103641456582636 0.8769747899159666
26 32 23 0.830351548903585 0.6357350040607959 0.5337742197470703
