12 16 29 0.0 0.0 0.0
11 16 29 0.0 0.0 0.0
15 17 28 0.5655080213903744 0.4968211527035056 0.4940879382055851
16 17 28 0.5655080213903744 0.4968211527035056 0.4940879382055851
17 17 28 0.868710480935045 0.8386684906520748 0.8312129502963974
18 17 27 0.8698812858476724 0.8386684906520748 0.8312129502963974
18 17 28 0.8698812858476724 0.8668800853674803 0.8627988181573999
13 16 29 0.3611408199643494 0.3497326203208555 0.3440285204991087
13 17 29 0.4449290060851927 0.3542258282623394 0.3620351588911427
12 17 29 0.0 0.0 0.0
15 18 28 0.6370854514645365 0.5950859356088114 0.5766884531590414
18 18 28 0.5624808788763732 0.5516339869281047 0.5525865665415103
17 18 28 0.731805134424904 0.6805659995957146 0.6906893066504953
13 18 29 0.6543417366946779 0.5925303454715221 0.5727357609710552
18 18 27 0.8698812858476724 0.8668800853674803 0.8630652260904362
12 18 29 0.4296470588235294 0.4048774509803922 0.4001470588235294
11 17 29 0.4449290060851927 0.3542258282623394 0.3620351588911427
16 18 28 0.5655080213903744 0.4968211527035056 0.4940879382055851
11 17 30 0.5435559986706547 0.5190960451977401 0.4935992023928215
12 17 30 0.4296470588235294 0.4222745098039215 0.4061176470588235
11 18 29 0.4296470588235294 0.4222745098039215 0.4061176470588235
11 18 30 0.624400871459695 0.5719680464778505 0.5586056644880174
12 18 30 0.4296470588235294 0.4048774509803922 0.4001470588235294
11 18 31 0.624400871459695 0.5719680464778505 0.5586056644880174
25 18 24 0.5023965141612201 0.5169498910675383 0.5200000000000001
26 18 24 0.6795098039215688 0.7165686274509804 0.7320098039215687
22 19 22 0.7659863945578232 0.8108043217286914 0.8250500200080032
23 19 22 0.5971288515406162 0.623529411764706 0.6335434173669469
23 18 25 0.3895576835385316 0.4019607843137255 0.4046055631554946
24 18 25 0.3895576835385316 0.4019607843137255 0.4046055631554946
23 19 23 0.5113872779158611 0.5256743072815981 0.521863205376047
27 19 23 0.6938869665513264 0.7370242214532872 0.7582468281430219
27 19 24 0.6938869665513264 0.7370242214532872 0.7582468281430219
23 19 24 0.5086125589476296 0.52524199553239 0.521863205376047
23 18 24 0.3895576835385316 0.4019607843137255 0.4046055631554946
26 19 24 0.6795098039215688 0.7165686274509804 0.7320098039215687
27 18 24 0.6938869665513264 0.7370242214532872 0.7582468281430219
29 19 23 0.7061728395061728 0.7722585330428468 0.8203747276688454
30 19 23 0.6930247508839603 0.758277081324333 0.804050144648023
24 18 24 0.3895576835385316 0.4019607843137255 0.4046055631554946
28 19 23 0.7102550754815201 0.7646711782057957 0.7967725143154607
25 19 24 0.5023965141612201 0.5169498910675383 0.5200000000000001
24 19 24 0.3895576835385316 0.4019607843137255 0.4046055631554946
17 19 28 0.0 0.0 0.0
18 19 28 0.0 0.0 0.0
15 19 28 0.1478065802592223 0.1312811565304087 0.1318544366899302
18 19 27 0.5517683708997618 0.5459593183067619 0.5411947956752795
24 19 25 0.3895576835385316 0.4019607843137255 0.4046055631554946
13 19 29 0.8690809657196213 0.7937041483259971 0.7889955982392957
16 19 28 0.031234950120399 0.0288407292741658 0.0296388028895768
23 19 25 0.5023965141612201 0.5169498910675383 0.5200000000000001
12 19 29 0.1463667820069204 0.138638985005767 0.1369088811995386
15 19 29 0.1478065802592223 0.1312811565304087 0.1318544366899302
22 19 21 0.3919607843137254 0.3966666666666666 0.3968627450980392
11 19 29 0.4802450980392157 0.4048774509803922 0.4001470588235294
12 19 30 0.1463667820069204 0.138638985005767 0.1369088811995386
15 20 28 0.3044771241830065 0.2837908496732026 0.274640522875817
11 19 30 0.5475490196078431 0.4748229847494553 0.4707380174291938
19 19 27 0.5517683708997618 0.5459593183067619 0.5411947956752795
17 20 28 0.0 0.0 0.0
16 19 29 0.031234950120399 0.0288407292741658 0.0296388028895768
23 20 22 0.585608223872073 0.6092137826004187 0.6155339805825243
12 20 29 0.0 0.0 0.0
19 19 28 0.5517683708997618 0.5459593183067619 0.5411947956752795
13 20 29 0.1806892453951277 0.1717765894236482 0.1701128936423054
16 20 28 0.0 0.0 0.0
11 20 29 0.1463667820069204 0.138638985005767 0.1369088811995386
23 20 24 0.4887332710862122 0.5022408963585433 0.5014939309056955
18 20 27 0.5624808788763732 0.5516339869281047 0.5525865665415103
19 20 27 0.5517683708997618 0.5459593183067619 0.5411947956752795
17 19 29 0.0 0.0 0.0
18 20 28 0.0 0.0 0.0
19 20 28 0.5517683708997618 0.5459593183067619 0.5411947956752795
11 20 30 0.2487394957983193 0.2175910364145658 0.219719887955182
12 20 30 0.0 0.0 0.0
15 20 29 0.031234950120399 0.0288407292741658 0.0296388028895768
16 20 29 0.0 0.0 0.0
25 20 24 0.5992260061919505 0.6160474716202271 0.6181114551083591
23 20 25 0.4887332710862122 0.5022408963585433 0.5014939309056955
36 19 21 0.6463667820069203 0.7038062283737023 0.7460207612456748
36 20 21 0.6120098039215687 0.6688725490196079 0.700735294117647
35 19 21 0.6542099192618224 0.7185697808535179 0.7637831603229527
43 20 18 0.4172699849170437 0.3370286576168929 0.3294871794871794
35 20 21 0.6463667820069203 0.7038062283737023 0.7460207612456748
31 19 22 0.6930247508839603 0.758277081324333 0.804050144648023
32 19 22 0.6900735294117647 0.7562860438292965 0.8025210084033615
33 19 22 0.6658823529411765 0.7286274509803922 0.7788235294117646
42 20 19 0.4300559212854816 0.3887307991788773 0.3919161888582147
43 20 19 0.4172699849170437 0.3370286576168929 0.3294871794871794
42 20 18 0.4300559212854816 0.3887307991788773 0.3919161888582147
30 19 22 0.7061728395061728 0.7717391304347825 0.82152600170503
32 20 22 0.677005347593583 0.7401069518716578 0.7885918003565062
33 20 22 0.6604452307238685 0.7257555653840484 0.768656936458794
22 20 20 0.2767843137254902 0.2782745098039216 0.2788235294117647
40 20 19 0.1797385620915032 0.1818713450292397 0.1799277605779153
22 20 21 0.2767843137254902 0.2782745098039216 0.2788235294117647
34 19 21 0.6658823529411765 0.7286274509803922 0.7788235294117646
34 20 21 0.6542099192618224 0.7185697808535179 0.7637831603229527
40 20 20 0.1797385620915032 0.1818713450292397 0.1799277605779153
30 20 23 0.6917119789092108 0.7562860438292965 0.8025210084033615
39 20 20 0.1797385620915032 0.1818713450292397 0.1799277605779153
27 20 23 0.7167755991285404 0.7609810949469393 0.7831752055660974
28 20 23 0.7102550754815201 0.7646711782057957 0.7967725143154607
34 19 22 0.6542099192618224 0.7185697808535179 0.7637831603229527
34 20 22 0.6528990995539847 0.7173609357906252 0.760245729192965
31 20 22 0.6823529411764706 0.7490196078431373 0.792156862745098
21 20 19 0.0 0.0 0.0
37 20 20 0.6120098039215687 0.6688725490196079 0.700735294117647
38 20 20 0.4423026353398501 0.4804321728691477 0.507665923512262
29 20 23 0.696358543417367 0.7619047619047619 0.8095238095238094
21 20 20 0.0 0.0 0.0
27 20 24 0.7167755991285404 0.7609810949469393 0.7831752055660974
37 20 21 0.4423026353398501 0.4804321728691477 0.507665923512262
41 20 19 0.4300559212854816 0.3887307991788773 0.3919161888582147
22 20 19 0.3919607843137254 0.3966666666666666 0.3968627450980392
22 20 22 0.6059265811587793 0.6333480760725343 0.6426065162907268
30 20 22 0.6930247508839603 0.758277081324333 0.804050144648023
23 20 23 0.5417392068935196 0.5529411764705882 0.5451156247252265
26 20 24 0.6983249980154003 0.7350321505120267 0.7492895133762009
43 21 18 0.4930423782416192 0.4184376976597091 0.4021663504111322
19 21 16 0.0 0.0 0.0
20 21 16 0.1224400871459695 0.1111111111111111 0.1141612200435729
20 20 19 0.0 0.0 0.0
43 21 19 0.498376037531577 0.4189498618239241 0.4075273062245031
19 21 17 0.0 0.0 0.0
42 21 19 0.4172699849170437 0.3370286576168929 0.3294871794871794
39 21 20 0.1867222479542997 0.1900880037054191 0.1870619113787246
38 21 20 0.1797385620915032 0.1818713450292397 0.1799277605779153
41 21 19 0.5004382929642445 0.4198846597462514 0.4118185313341022
18 21 16 0.0 0.0 0.0
21 21 19 0.0 0.0 0.0
40 21 19 0.1797385620915032 0.1818713450292397 0.1799277605779153
18 21 17 0.0 0.0 0.0
22 21 19 0.2767843137254902 0.2782745098039216 0.2788235294117647
24 20 24 0.4887332710862122 0.5022408963585433 0.5014939309056955
21 21 20 0.2097007223942208 0.2101135190918472 0.2097007223942208
13 21 29 0.1806892453951277 0.1717765894236482 0.1701128936423054
24 20 25 0.4576168929110105 0.4688285570638511 0.4659376571141277
22 21 20 0.2767843137254902 0.2782745098039216 0.2788235294117647
17 21 28 0.0 0.0 0.0
12 21 29 0.0 0.0 0.0
31 20 23 0.6823529411764706 0.7490196078431373 0.792156862745098
31 21 22 0.6786620530565168 0.7449826989619378 0.785121107266436
15 21 28 0.6314289744674848 0.5762166737198476 0.5571166596134857
22 21 21 0.2767843137254902 0.2782745098039216 0.2788235294117647
40 21 20 0.1797385620915032 0.1818713450292397 0.1799277605779153
18 21 27 0.7967340127540378 0.797067763275523 0.7943262411347519
17 21 27 0.950843593251254 0.9445052439580484 0.925552443199502
18 21 28 0.7676140118968937 0.7559814937210839 0.7592421238158186
11 21 29 0.0 0.0 0.0
16 21 28 0.3044771241830065 0.2837908496732026 0.274640522875817
37 21 20 0.4423026353398501 0.4804321728691477 0.507665923512262
23 21 22 0.5243803181650017 0.5475027746947836 0.5545689974102849
25 21 24 0.607843137254902 0.6235294117647059 0.6215686274509804
32 21 22 0.6621022179363549 0.7278902817957783 0.7696560591449695
33 21 22 0.6627218934911243 0.7270913098967396 0.7694628147116834
22 21 22 0.6500452488687782 0.6809653092006034 0.6850377073906486
37 21 21 0.4189441930618401 0.4522272498743087 0.4781598793363499
35 21 21 0.6427338013394657 0.697506656983781 0.73919147906076
23 21 23 0.5243803181650017 0.5475027746947836 0.5501447836518574
36 21 21 0.6193805058255186 0.6745098039215687 0.7128161409491331
34 21 21 0.6528990995539847 0.7173609357906252 0.760245729192965
34 21 22 0.6584810343351315 0.7173730627622227 0.7611953078174502
23 21 25 0.4576168929110105 0.4688285570638511 0.4659376571141277
30 21 23 0.6823529411764706 0.7490196078431373 0.792156862745098
31 21 23 0.6786620530565168 0.7449826989619378 0.785121107266436
29 21 23 0.7046191553544495 0.7687782805429866 0.8157239819004526
27 21 23 0.7223355119825707 0.7664448584863809 0.7850057670126875
28 21 23 0.70906432748538 0.7749054007567941 0.8079302832244007
23 21 24 0.4576168929110105 0.4688285570638511 0.4659376571141277
27 21 24 0.7239819004524887 0.7664448584863809 0.7850057670126875
19 21 27 0.0 0.0 0.0
26 21 24 0.7143609295570079 0.7500181554103122 0.7605664488017431
24 21 24 0.4576168929110105 0.4688285570638511 0.4659376571141277
19 21 28 0.0 0.0 0.0
19 22 16 0.0 0.0 0.0
20 22 16 0.0 0.0 0.0
18 22 16 0.0 0.0 0.0
19 22 17 0.0 0.0 0.0
43 22 18 0.2996078431372548 0.311843137254902 0.3301960784313726
42 22 19 0.3061947856065503 0.3304029304029303 0.3465524671407023
43 22 19 0.2996078431372548 0.311843137254902 0.2984520123839009
40 22 19 0.1867222479542997 0.1900880037054191 0.1870619113787246
39 22 20 0.209690487765354 0.2159293469453897 0.2055582563603953
40 22 20 0.1867222479542997 0.1900880037054191 0.1870619113787246
41 22 19 0.3001905464380109 0.3189132706374085 0.3406232712520744
38 22 20 0.1867222479542997 0.1900880037054191 0.1870619113787246
37 22 20 0.4189441930618401 0.4522272498743087 0.4781598793363499
37 22 21 0.4044789489399821 0.4368169602866528 0.4613516472578879
15 22 28 0.7387527233115468 0.6714596949891067 0.6454248366013071
13 22 29 0.8665595931205246 0.7977514555310178 0.7836713995943206
12 22 29 0.0 0.0 0.0
36 22 21 0.6191610821543807 0.6724249193348227 0.7135765698684537
35 22 21 0.6426208343419673 0.696151053013798 0.7365770999757928
17 22 28 0.9648395721925134 0.9454693998811646 0.925552443199502
18 22 28 0.0 0.0 0.0
21 22 19 0.2039215686274509 0.2046254399195575 0.2032176973353444
18 22 27 0.9648395721925134 0.9454693998811646 0.9282913165266108
16 22 28 0.6314289744674848 0.5762166737198476 0.5571166596134857
22 22 19 0.2767843137254902 0.2782745098039216 0.2788235294117647
20 22 19 0.2097007223942208 0.2101135190918472 0.2097007223942208
21 22 20 0.2039215686274509 0.2046254399195575 0.2032176973353444
39 22 19 0.209690487765354 0.2159293469453897 0.2055582563603953
44 22 18 0.314326090796679 0.3357828416651946 0.2984520123839009
22 22 20 0.2767843137254902 0.2782745098039216 0.2788235294117647
34 22 21 0.6584810343351315 0.7173730627622227 0.7611953078174502
19 23 16 0.0 0.0 0.0
20 23 16 0.0 0.0 0.0
34 22 22 0.6496732026143791 0.7046477850399419 0.747076978939724
22 22 21 0.3446078431372549 0.3475490196078431 0.3478431372549019
33 22 22 0.6448112841974735 0.6983647213826242 0.7406184608230644
18 23 16 0.0 0.0 0.0
32 22 22 0.5606971677559913 0.60921568627451 0.6450762527233116
23 22 22 0.5144090663788451 0.5316064040295018 0.539377585896744
24 21 25 0.4576168929110105 0.4688285570638511 0.4659376571141277
19 23 17 0.0 0.0 0.0
23 22 23 0.0 0.0 0.0
30 22 23 0.6621022179363549 0.7223529411764706 0.7631372549019607
31 22 22 0.5748194014447884 0.6266253869969038 0.663983488132095
22 22 22 0.750132485426603 0.7788023317435081 0.7833068362480127
29 22 23 0.6937409024745268 0.7596369552187686 0.8001883722921483
31 22 23 0.5748194014447884 0.6266253869969038 0.663983488132095
27 22 23 0.7309837014974766 0.7844368240569772 0.8019519915589557
28 22 23 0.7123039215686273 0.7781862745098042 0.8079302832244007
27 22 24 0.7330250877643631 0.7844368240569772 0.8019519915589557
23 22 24 0.0 0.0 0.0
26 22 24 0.7372549019607842 0.7866666666666666 0.8149784791965566
25 22 24 0.6254901960784314 0.6333333333333333 0.6215686274509804
15 23 28 0.7947804473902238 0.7749240541286938 0.7474730737365368
12 23 29 0.7208333333333334 0.6635416666666666 0.6680147058823529
13 23 29 0.8981068289384722 0.7988505747126438 0.7836713995943206
24 22 24 0.4576168929110105 0.4688285570638511 0.4659376571141277
19 22 27 0.8226388563393485 0.7930942895086323 0.7858761034294196
23 22 25 0.4735623108303724 0.4823266219239374 0.4778523489932886
24 22 25 0.4576168929110105 0.4688285570638511 0.4659376571141277
17 23 28 0.8226388563393485 0.7930942895086323 0.7858761034294196
18 23 28 0.9745943867743176 0.9438596491228072 0.9199174406604748
16 23 28 0.7387527233115468 0.6714596949891067 0.6454248366013071
43 23 18 0.2996078431372548 0.311843137254902 0.2984520123839009
44 23 18 0.1760348583877995 0.1806826434277414 0.1943355119825708
43 23 19 0.1760348583877995 0.1806826434277414 0.1943355119825708
42 23 19 0.3061947856065503 0.3304029304029303 0.3465524671407023
40 23 19 0.209690487765354 0.2159293469453897 0.2055582563603953
39 23 19 0.2882520529579352 0.3009887715770068 0.3157030333500922
39 23 20 0.3001905464380109 0.3189132706374085 0.3406232712520744
41 23 19 0.2996078431372548 0.311843137254902 0.3301960784313726
38 23 20 0.209690487765354 0.2159293469453897 0.2055582563603953
37 23 20 0.4044789489399821 0.4368169602866528 0.4613516472578879
37 23 21 0.4183982050531655 0.4522290508243098 0.4784313725490196
36 23 21 0.614475201845444 0.6644752018454441 0.705594002306805
21 23 19 0.0972702806612841 0.0975778546712802 0.0968089196462898
20 23 17 0.0 0.0 0.0
35 23 21 0.6406294706723891 0.6932761087267524 0.7295392953929537
12 23 24 0.5841354723707664 0.4471657754010695 0.4308734402852049
22 23 19 0.3446078431372549 0.3475490196078431 0.3478431372549019
20 23 19 0.2039215686274509 0.2046254399195575 0.2032176973353444
12 23 25 0.8848039215686275 0.6660130718954248 0.6332924836601306
21 23 20 0.0972702806612841 0.0975778546712802 0.0968089196462898
13 23 26 0.7885288874908252 0.641522491349481 0.6280801090489672
13 23 25 0.5841354723707664 0.4471657754010695 0.4308734402852049
22 23 20 0.3446078431372549 0.3475490196078431 0.3478431372549019
34 23 21 0.6496732026143791 0.7046477850399419 0.747076978939724
13 23 27 0.7208333333333334 0.641522491349481 0.6280801090489672
13 23 28 0.7208333333333334 0.6635416666666666 0.6680147058823529
34 23 22 0.6398852223816355 0.6895743663318986 0.7219352781763111
33 23 22 0.5870901960784313 0.6240156862745098 0.6473254901960783
42 23 18 0.2996078431372548 0.311843137254902 0.3301960784313726
22 23 21 0.54960058097313 0.5520697167755991 0.5522149600580973
19 23 27 0.7561118064246976 0.749453483521068 0.7287108886107635
19 24 16 0.0 0.0 0.0
18 23 27 0.8226388563393485 0.7930942895086323 0.7858761034294196
20 24 16 0.0 0.0 0.0
22 23 22 0.0 0.0 0.0
18 24 16 0.0 0.0 0.0
32 23 22 0.0240196078431372 0.0255718954248366 0.0260620915032679
19 24 17 0.0 0.0 0.0
23 23 22 0.0 0.0 0.0
23 23 23 0.0 0.0 0.0
31 23 22 0.5606971677559913 0.60921568627451 0.6450762527233116
30 23 23 0.5606971677559913 0.60921568627451 0.6450762527233116
12 24 24 0.6489096573208724 0.5502840388491843 0.5226681326736301
29 23 23 0.5748194014447884 0.6266253869969038 0.663983488132095
31 23 23 0.5748194014447884 0.6266253869969038 0.663983488132095
28 23 23 0.6658823529411764 0.7223529411764706 0.7631372549019607
43 24 19 0.269281045751634 0.2797385620915033 0.2875816993464052
23 23 24 0.0 0.0 0.0
12 24 25 0.8947570332480818 0.7217254901960782 0.6703324808184143
42 24 19 0.3061947856065503 0.3304029304029303 0.3465524671407023
40 24 20 0.3149664929262845 0.3319765036816414 0.3470836435840158
40 23 20 0.209690487765354 0.2159293469453897 0.2055582563603953
39 24 20 0.4183982050531655 0.4522290508243098 0.4784313725490196
44 24 18 0.314326090796679 0.3357828416651946 0.3627627627627627
27 23 24 0.7252958841194137 0.7787670022964142 0.808514396749691
27 23 23 0.7330250877643631 0.7912150012843565 0.8270228615463652
41 24 19 0.3001905464380109 0.3189132706374085 0.3406232712520744
13 24 26 0.839719887955182 0.6824929971988795 0.6336134453781511
44 24 19 0.3444982698961937 0.3674740484429065 0.3890196078431372
25 23 24 0.6533333333333333 0.6615686274509803 0.6494117647058824
26 23 24 0.7577866748793758 0.805728364644287 0.8340622112719434
44 23 19 0.269281045751634 0.2797385620915033 0.2875816993464052
38 24 20 0.3149664929262845 0.3319765036816414 0.3470836435840158
40 24 19 0.2882520529579352 0.3009887715770068 0.3157030333500922
24 23 24 0.4735623108303724 0.4823266219239374 0.4778523489932886
13 24 25 0.6183823529411765 0.5017156862745098 0.4755279034690798
37 24 20 0.4183982050531655 0.4522290508243098 0.4784313725490196
37 24 21 0.5713946869070208 0.6217583807716632 0.657099936748893
23 23 25 0.5356695869837297 0.5430399109998609 0.5344736476150744
24 23 25 0.4735623108303724 0.4823266219239374 0.4778523489932886
36 24 21 0.5945985941546431 0.6444691083980763 0.6836108028116907
13 24 27 0.91611077420659 0.827337075909202 0.7825400699698968
35 24 21 0.6347385620915031 0.6873529411764705 0.7217927170868347
30 23 21 0.5748194014447884 0.6266253869969038 0.663983488132095
18 24 28 0.9277139208173693 0.9261963789347156 0.9139208173690934
17 24 28 0.7561118064246976 0.749453483521068 0.7287108886107635
20 24 17 0.0 0.0 0.0
31 23 21 0.5606971677559913 0.60921568627451 0.6450762527233116
16 24 28 0.7421248237857233 0.6747148532615661 0.6397795719595026
30 23 22 0.5748194014447884 0.6266253869969038 0.663983488132095
28 23 21 0.6584362139917697 0.717840716533527 0.7518760590656016
15 24 28 0.8082402581285679 0.7897741375031024 0.7292876644328617
29 23 21 0.6554838709677421 0.7163314358001266 0.7518760590656016
26 23 21 0.6995098039215685 0.768954248366013 0.8109477124183005
27 23 21 0.3182109445085224 0.3194925028835063 0.3191849288735102
13 24 28 0.8981068289384722 0.7988505747126438 0.7836713995943206
29 23 22 0.6584362139917697 0.717840716533527 0.7518760590656016
34 24 21 0.6398852223816355 0.6895743663318986 0.7219352781763111
34 24 22 0.633359477124183 0.6740392156862747 0.699660130718954
33 24 22 0.5790616246498599 0.6006302521008402 0.6090861344537816
21 24 19 0.0972702806612841 0.0975778546712802 0.0968089196462898
20 24 19 0.0972702806612841 0.0975778546712802 0.0968089196462898
30 24 21 0.6402073473067389 0.6892945684020734 0.7177372098264593
31 24 21 0.0240196078431372 0.0255718954248366 0.0260620915032679
21 24 20 0.0972702806612841 0.0975778546712802 0.0968089196462898
22 24 20 0.4743529411764706 0.4767058823529412 0.4765490196078431
28 24 21 0.6554838709677421 0.7163314358001266 0.7532447817836811
41 24 20 0.4458704693998811 0.4713012477718359 0.4938799762329174
28 24 20 0.6924210819079406 0.7529411764705882 0.788235294117647
31 24 22 0.0240196078431372 0.0255718954248366 0.0260620915032679
29 24 21 0.6584362139917697 0.717840716533527 0.7518760590656016
27 23 20 0.6924210819079406 0.7546377416214713 0.7900709219858155
26 23 20 0.7729512317747612 0.8309703368526897 0.8427350427350425
26 24 20 0.3182109445085224 0.3194925028835063 0.3191849288735102
27 24 20 0.3182109445085224 0.3194925028835063 0.3191849288735102
32 24 22 0.0240196078431372 0.0255718954248366 0.0260620915032679
22 24 21 0.4743529411764706 0.4767058823529412 0.4765490196078431
19 25 16 0.0 0.0 0.0
26 24 21 0.3182109445085224 0.3194925028835063 0.3191849288735102
27 24 21 0.3182109445085224 0.3194925028835063 0.3191849288735102
20 25 16 0.0 0.0 0.0
19 24 27 0.7561118064246976 0.749453483521068 0.7287108886107635
12 25 24 0.6183823529411765 0.5017156862745098 0.4755279034690798
18 24 27 0.7561118064246976 0.749453483521068 0.7287108886107635
18 25 16 0.1181699346405228 0.1139869281045751 0.1152941176470588
22 24 22 0.5818531334102268 0.6006920415224913 0.5975394079200308
20 25 17 0.0 0.0 0.0
12 25 25 0.839719887955182 0.6824929971988795 0.6336134453781511
23 24 23 0.0 0.0 0.0
22 23 23 0.0 0.0 0.0
22 24 23 0.5818531334102268 0.6006920415224913 0.5975394079200308
13 25 25 0.6183823529411765 0.5017156862745098 0.4755279034690798
13 25 26 0.839719887955182 0.6824929971988795 0.6336134453781511
27 24 24 0.9253493013972056 0.9476341434777504 0.951297405189621
40 25 20 0.5137254901960784 0.5450980392156862 0.5647058823529412
23 24 24 0.5361494933543887 0.5429135412554285 0.5313330701408079
39 25 20 0.5255961844197137 0.5650238473767885 0.5938880056527114
44 25 18 0.4260987153482082 0.4586883029073699 0.480811359026369
26 24 24 0.8111445508435934 0.8518194254445967 0.8700227998176014
42 25 19 0.4851001939237234 0.5160741219564748 0.5406916612798965
43 25 19 0.4260987153482082 0.4586883029073699 0.480811359026369
44 25 19 0.4815974096060442 0.5160741219564748 0.5406916612798965
25 24 24 0.6877450980392157 0.6957843137254902 0.6815686274509803
38 25 20 0.5475879240585122 0.5916122004357297 0.6253345782757547
41 25 19 0.500685588920883 0.5341149047031399 0.5589880707527767
24 24 24 0.5321553716543651 0.5390889435622158 0.5285767538954745
13 25 27 0.9188627450980394 0.847128231823703 0.8109318063508589
24 24 25 0.5113349449368789 0.5169486972871341 0.504351329572925
37 25 20 0.5713946869070208 0.6217583807716632 0.657099936748893
40 25 19 0.5096429616622767 0.5456540825285336 0.5711296458882059
23 24 25 0.5361494933543887 0.5429135412554285 0.5313330701408079
37 25 21 0.5617647058823529 0.6126808100289294 0.6471552555448408
36 25 21 0.5760649087221095 0.6270453008789723 0.6624070317782286
18 25 28 0.929847494553377 0.906092148793674 0.8956023561688052
17 25 28 0.8573849640358656 0.8465267514040791 0.8298354517686471
35 25 21 0.6203298055623923 0.6713430141931249 0.7084748543768972
16 25 28 0.6045051353874883 0.5330298786181139 0.5047385620915033
13 25 28 0.9188627450980394 0.8664313725490197 0.8641960784313725
15 25 28 0.7421248237857233 0.6747148532615661 0.6397795719595026
19 25 17 0.0 0.0 0.0
42 25 17 0.0 0.0 0.0
34 25 21 0.633359477124183 0.6740392156862747 0.699660130718954
21 25 19 0.0972702806612841 0.0975778546712802 0.0968089196462898
34 25 22 0.633359477124183 0.6683317771553066 0.6873793962029257
33 25 22 0.4835729847494552 0.5046623093681917 0.5135511982570806
20 25 19 0.2044587698092936 0.2046199301638463 0.2031694869728713
19 26 16 0.0 0.0 0.0
30 25 21 0.621155830753354 0.6538011695906433 0.668231854145167
31 25 21 0.1420991926182237 0.1462514417531718 0.1471741637831603
21 25 20 0.2044587698092936 0.2046199301638463 0.2031694869728713
20 26 16 0.0 0.0 0.0
28 25 21 0.6941176470588235 0.7529411764705882 0.7790609821910416
22 25 20 0.4743529411764706 0.4767058823529412 0.4765490196078431
29 25 21 0.6886567711196628 0.7334616089426423 0.7543338830859446
31 25 22 0.1420991926182237 0.1462514417531718 0.1471741637831603
18 26 16 0.0 0.0 0.0
19 25 27 0.6795835860117243 0.6668485951081464 0.6543763897311502
27 25 20 0.3182109445085224 0.3194925028835063 0.3191849288735102
26 25 20 0.3206245461147421 0.3203824739772452 0.3203340595497458
22 25 21 0.4743529411764706 0.4767058823529412 0.4765490196078431
27 25 21 0.3182109445085224 0.3194925028835063 0.3191849288735102
20 26 17 0.0 0.0 0.0
26 25 21 0.3206245461147421 0.3203824739772452 0.3203340595497458
19 26 17 0.0 0.0 0.0
18 25 27 0.8573849640358656 0.8465267514040791 0.8298354517686471
32 25 22 0.0 0.0 0.0
12 26 24 0.7116557734204795 0.614106753812636 0.5762345679012346
22 25 22 0.654279489573607 0.6720821661998131 0.6731403672580143
13 26 25 0.6698573975044564 0.53873440285205 0.4918894830659536
12 26 25 0.8760935143288086 0.7384615384615383 0.6920060331825038
42 26 17 0.0 0.0 0.0
13 26 26 0.926625386996904 0.7931917211328976 0.7362745098039215
40 26 20 0.2728104575163398 0.2636819172113289 0.2606753812636165
23 25 23 0.5818531334102268 0.6006920415224913 0.5975394079200308
39 26 20 0.2753211629479377 0.2623587365980874 0.2567758137737853
22 25 23 0.654279489573607 0.6720821661998131 0.6731403672580143
43 26 19 0.2387096774193548 0.2247663222995291 0.2182444303886428
42 26 19 0.2607383578431372 0.2397212009803921 0.2325520833333333
38 26 20 0.2800059417706476 0.2613042186571598 0.2575311942959001
13 26 27 0.9033496732026144 0.8695261437908498 0.8670343137254902
23 25 24 0.5113349449368789 0.5169486972871341 0.504351329572925
44 26 18 0.1891956782713085 0.1695878351340535 0.1624649859943977
41 26 19 0.24318954248366 0.2387189542483659 0.2397456279809221
44 26 19 0.2011491108071134 0.1925581395348836 0.1943638850889192
37 26 21 0.2916666666666666 0.2806265984654731 0.2789641943734015
37 26 20 0.2879310344827585 0.2670554428668018 0.262576064908722
27 25 24 0.9501897533206832 0.9652118912080964 0.964990512333966
40 26 19 0.2728104575163398 0.2564070698702015 0.2491438829052747
25 25 24 0.712450980392157 0.7207843137254903 0.7023529411764706
26 25 24 0.9253493013972056 0.9476341434777504 0.951297405189621
24 25 24 0.5113349449368789 0.5169486972871341 0.504351329572925
36 26 21 0.267009617535227 0.2481324088570789 0.2324014016252888
17 26 28 0.6795835860117243 0.6668485951081464 0.6543763897311502
18 26 28 0.9562792591084878 0.95190989890766 0.9276163477439168
23 25 25 0.5113349449368789 0.5169486972871341 0.504351329572925
24 25 25 0.4838740344622698 0.4880570409982175 0.4749613784907902
35 26 21 0.61616368286445 0.667075873827792 0.7025063938618924
16 26 28 0.6045051353874883 0.5330298786181139 0.5047385620915033
13 26 28 0.9033496732026144 0.8695261437908498 0.8670343137254902
15 26 28 0.6045051353874883 0.5330298786181139 0.5047385620915033
34 26 21 0.633359477124183 0.6683317771553066 0.6873793962029257
21 26 19 0.2044587698092936 0.2046199301638463 0.2031694869728713
34 26 22 0.633359477124183 0.6683317771553066 0.683885508226279
20 26 19 0.5484467944481163 0.5490636704119851 0.5446574135272088
33 26 22 0.470256560335577 0.4797580723831821 0.476694956589601
30 26 21 0.5183796595561301 0.5466494290023701 0.564274940745529
21 26 20 0.4816768086544963 0.4815866576515664 0.4791976560739239
31 26 21 0.0 0.0 0.0
41 26 20 0.24318954248366 0.2387189542483659 0.2412810457516339
22 26 20 0.4743529411764706 0.4767058823529412 0.4765490196078431
27 26 20 0.3206245461147421 0.3203824739772452 0.3203340595497458
26 26 20 0.3948613928329952 0.3955375253549695 0.3957403651115618
28 25 20 0.5127748068924539 0.5165775401069519 0.514676173499703
28 26 20 0.5127748068924539 0.5165775401069519 0.514676173499703
28 26 21 0.7324106113033448 0.7755478662053058 0.7907535563244907
31 26 22 0.0 0.0 0.0
26 26 21 0.3948613928329952 0.3955375253549695 0.3957403651115618
29 26 21 0.7007541478129713 0.7452713682157945 0.7609576427255986
19 26 27 0.5252911316810989 0.5246939384891014 0.5141236189907435
22 26 21 0.5028486866444691 0.5052164261931188 0.5055863854975953
32 26 22 0.0 0.0 0.0
19 27 16 0.0 0.0 0.0
18 26 27 0.6795835860117243 0.6668485951081464 0.6543763897311502
20 27 16 0.0 0.0 0.0
23 26 23 0.6127024722932651 0.6280477408354647 0.6221653878942882
22 26 22 0.6127024722932651 0.6280477408354647 0.6221653878942882
18 27 16 0.0707516339869281 0.0656862745098039 0.0643790849673202
20 27 17 0.0 0.0 0.0
19 27 17 0.0 0.0 0.0
12 27 24 0.6698573975044564 0.53873440285205 0.4918894830659536
42 27 19 0.2011491108071134 0.1925581395348836 0.1943638850889192
43 27 19 0.2387096774193548 0.2247663222995291 0.2182444303886428
32 26 20 0.4612105711849957 0.4913895993179881 0.5111395282750781
22 26 23 0.6127024722932651 0.6280477408354647 0.6221653878942882
44 27 18 0.1891956782713085 0.1695878351340535 0.1624649859943977
23 26 24 0.4838740344622698 0.4880570409982175 0.4749613784907902
45 26 18 0.2274509803921568 0.2490196078431372 0.2607843137254902
40 27 20 0.2728104575163398 0.2636819172113289 0.2606753812636165
45 27 18 0.1789215686274509 0.1958333333333333 0.2050245098039215
31 26 20 0.4522875816993463 0.486637618010167 0.5116920842411039
41 27 19 0.2387096774193548 0.2247663222995291 0.2182444303886428
39 27 20 0.24318954248366 0.2387189542483659 0.2412810457516339
27 26 24 0.9577964519140988 0.9700680272108844 0.9700947045484862
44 27 19 0.1789215686274509 0.1925581395348836 0.1943638850889192
12 27 25 0.90218954248366 0.7435947712418302 0.6917320261437909
13 27 25 0.6698573975044564 0.53873440285205 0.4918894830659536
25 26 24 0.75769358590894 0.7658690594882018 0.7450980392156863
13 27 26 0.9466790668836704 0.8432783185216532 0.7879249541543235
26 26 24 0.9501897533206832 0.9652118912080964 0.964990512333966
41 27 20 0.24318954248366 0.2387189542483659 0.2412810457516339
24 26 24 0.4838740344622698 0.4880570409982175 0.4749613784907902
38 27 20 0.2728104575163398 0.2613042186571598 0.2575311942959001
24 26 25 0.4740392156862745 0.4772026143790849 0.4630849673202615
23 26 25 0.4838740344622698 0.4880570409982175 0.4749613784907902
37 27 20 0.2753211629479377 0.2623587365980874 0.2567758137737853
37 27 21 0.2916666666666666 0.2806265984654731 0.2789641943734015
36 27 21 0.267009617535227 0.2481324088570789 0.2324014016252888
13 27 27 0.8947303921568628 0.8251225490196078 0.814031862745098
29 26 20 0.7309762202753441 0.779078014184397 0.8042344597413433
32 27 17 0.3801833159299222 0.4078199327068106 0.4290520942104652
35 27 21 0.2916666666666666 0.2806265984654731 0.2789641943734015
32 27 18 0.2081045751633987 0.2172549019607843 0.2222222222222222
38 27 15 0.2124337886813492 0.1567512312982064 0.1015890716476163
39 27 15 0.1896378989552025 0.1398597395162444 0.0862601975096607
37 27 15 0.1984803921568627 0.1372549019607842 0.0773039215686274
32 26 18 0.4522875816993463 0.486637618010167 0.5116920842411039
40 27 16 0.1700016758840287 0.1220043572984749 0.0867269984917043
17 27 28 0.5252911316810989 0.5246939384891014 0.5141236189907435
18 27 28 0.968030125957668 0.926822620940268 0.8998712998712999
36 27 15 0.1984803921568627 0.1372549019607842 0.0773039215686274
41 27 16 0.2237207077953132 0.2042085126733619 0.1886657101865135
27 27 17 0.3759645793801392 0.3890575585072739 0.3964579380139152
43 27 17 0.0 0.0 0.0
16 27 28 0.6045051353874883 0.5330298786181139 0.5047385620915033
32 26 19 0.4522875816993463 0.486637618010167 0.5111395282750781
40 27 15 0.1700016758840287 0.1220043572984749 0.0867269984917043
40 27 17 0.2237207077953132 0.2042085126733619 0.1886657101865135
26 27 17 0.3759645793801392 0.3890575585072739 0.3964579380139152
27 26 17 0.3759645793801392 0.3890575585072739 0.3964579380139152
36 27 16 0.2124337886813492 0.1567512312982064 0.1015890716476163
37 27 16 0.1984803921568627 0.1372549019607842 0.0773039215686274
38 27 16 0.2124337886813492 0.1567512312982064 0.1015890716476163
13 27 28 0.8947303921568628 0.8251225490196078 0.814031862745098
42 27 17 0.2237207077953132 0.2042085126733619 0.1886657101865135
26 26 17 0.5994350282485876 0.6187437686939181 0.6285144566301097
35 27 16 0.1984803921568627 0.1372549019607842 0.0773039215686274
41 27 17 0.0 0.0 0.0
43 27 18 0.2011491108071134 0.1925581395348836 0.1943638850889192
39 27 16 0.1896378989552025 0.1398597395162444 0.0862601975096607
15 27 28 0.6511146924523233 0.5696212731668009 0.5374966424926134
26 26 18 0.5994350282485876 0.6187437686939181 0.6285144566301097
27 26 18 0.3759645793801392 0.3890575585072739 0.3964579380139152
42 27 16 0.2237207077953132 0.2042085126733619 0.1886657101865135
21 27 19 0.3165181224004753 0.3163992869875223 0.3133095662507427
32 27 19 0.2505882352941176 0.2701960784313725 0.2839215686274509
39 27 17 0.2438876785282013 0.2255870249334301 0.2107237956911159
20 27 19 0.4816768086544963 0.4815866576515664 0.4791976560739239
31 26 19 0.5183796595561301 0.5466494290023701 0.564274940745529
34 27 21 0.267009617535227 0.2481324088570789 0.2324014016252888
34 27 16 0.2081045751633987 0.1960784313725489 0.1439492968904732
34 27 22 0.5195121951219511 0.549689143950263 0.5684481109516978
26 27 18 0.5151779230210604 0.5297022512708788 0.5400145243282499
27 27 18 0.3759645793801392 0.3890575585072739 0.3964579380139152
40 27 18 0.24318954248366 0.2387189542483659 0.2294895050531225
41 27 18 0.2313542239325636 0.2138171156312992 0.2018325087044163
42 27 18 0.1891956782713085 0.1695878351340535 0.1624649859943977
39 27 18 0.2645614035087718 0.2440660474716201 0.2338906088751289
26 26 19 0.639789574366332 0.6590626494500239 0.6663318986131038
35 27 17 0.2497134238310708 0.1906334841628958 0.1388235294117646
36 27 17 0.2255754475703324 0.1683205456095481 0.1093094629156009
37 27 17 0.200121285627653 0.1454821103699211 0.1018394986860723
38 27 17 0.2736154110767113 0.2506134617589725 0.2338493292053663
33 27 22 0.470256560335577 0.4797580723831821 0.476694956589601
34 27 17 0.2081045751633987 0.1832486080852093 0.145436940208182
27 26 19 0.5127748068924539 0.5165775401069519 0.514676173499703
38 27 18 0.2718150947529849 0.2517909957279 0.2394347683207361
21 27 20 0.3165181224004753 0.3163992869875223 0.3133095662507427
37 27 18 0.2800059417706476 0.2613042186571598 0.2503306648103027
37 27 19 0.2800059417706476 0.2613042186571598 0.2553921568627451
22 27 20 0.4365569956796278 0.4372881355932203 0.4372881355932203
36 27 19 0.267009617535227 0.2481324088570789 0.2324014016252888
30 27 20 0.5183796595561301 0.5466494290023701 0.564274940745529
31 27 20 0.2505882352941176 0.2701960784313725 0.2839215686274509
31 27 21 0.4459292412617221 0.459228473998295 0.461615515771526
30 26 20 0.5699346405228758 0.607516339869281 0.6352941176470587
32 26 21 0.0 0.0 0.0
38 27 19 0.2751726042529687 0.2564070698702015 0.2491438829052747
30 27 21 0.5472195435551269 0.5696560591449694 0.5767920282867245
39 27 19 0.2632296161707925 0.2434703611174199 0.2397456279809221
40 27 19 0.24318954248366 0.2387189542483659 0.2325520833333333
28 27 20 0.5513184584178499 0.5517241379310345 0.5511832319134551
35 27 19 0.267009617535227 0.2481324088570789 0.2324014016252888
35 27 18 0.2938159879336349 0.2743937811811114 0.2577178889176815
36 27 18 0.2879310344827585 0.2670554428668018 0.2557141199675136
29 27 20 0.7007541478129713 0.7514328808446457 0.783107088989442
27 27 15 0.5911519607843138 0.6282212885154062 0.6525910364145658
32 27 21 0.0 0.0 0.0
27 27 16 0.3759645793801392 0.3890575585072739 0.3964579380139152
22 27 21 0.4365569956796278 0.4372881355932203 0.4372881355932203
34 27 18 0.2081045751633987 0.2172549019607843 0.2222222222222222
32 27 16 0.4175761871013465 0.4427474604299551 0.4606543822348216
26 27 20 0.5094117647058823 0.4974688057040997 0.4906595365418894
27 27 20 0.3499019607843137 0.3499019607843137 0.3499019607843137
36 27 20 0.267009617535227 0.2481324088570789 0.2324014016252888
35 27 20 0.267009617535227 0.2481324088570789 0.2324014016252888
39 28 15 0.1700016758840287 0.1220043572984749 0.0796868387642826
26 27 16 0.3759645793801392 0.3890575585072739 0.3964579380139152
37 28 15 0.1984803921568627 0.1358364622444722 0.0773039215686274
38 28 15 0.1896378989552025 0.1398597395162444 0.0862601975096607
19 27 27 0.4873112463376154 0.4804146946134776 0.4680414694613477
22 27 22 0.7774801009512716 0.788002329644729 0.7907202484954379
38 27 21 0.29243018419489 0.2926678550207962 0.3011527035056446
23 27 23 0.6127024722932651 0.6280477408354647 0.6221653878942882
34 27 19 0.3043740573152337 0.2852941176470588 0.2647619047619046
33 27 17 0.2081045751633987 0.1960784313725489 0.1439492968904732
36 28 15 0.200121285627653 0.1454821103699211 0.1015890716476163
12 28 24 0.7361547333865675 0.715499955638364 0.70204950758584
32 27 22 0.0 0.0 0.0
36 28 16 0.200121285627653 0.1454821103699211 0.0865775401069518
18 27 27 0.5252911316810989 0.5246939384891014 0.5141236189907435
26 27 21 0.5094117647058823 0.4974688057040997 0.4906595365418894
35 28 16 0.2084967320261438 0.1538398692810457 0.1017973856209149
22 27 23 0.7140777268991428 0.7328636843959141 0.7254197487378186
23 27 24 0.4740392156862745 0.4772026143790849 0.4630849673202615
12 28 25 0.9562250916626815 0.8658377172007015 0.8116371751952814
34 28 16 0.2081045751633987 0.1832486080852093 0.1388235294117646
13 28 25 0.7361547333865675 0.715499955638364 0.70204950758584
25 27 24 0.7980392156862745 0.8060113519091846 0.7847007223942208
13 28 26 0.9440327312027172 0.8753435232360662 0.8376338770802441
24 27 24 0.4740392156862745 0.4772026143790849 0.4630849673202615
24 27 25 0.4740392156862745 0.4772026143790849 0.4630849673202615
23 27 25 0.4740392156862745 0.4772026143790849 0.4630849673202615
27 28 15 0.7522935779816511 0.7754272351142292 0.7789890268033818
27 27 24 0.9584313725490198 0.9715196078431372 0.9717892156862746
32 28 16 0.4618063441592853 0.4842304489363312 0.5028541146188206
35 28 21 0.4724170437405731 0.49960407239819 0.519754775295131
13 28 27 0.8832054560954815 0.7858482523444159 0.7578289286729185
36 28 21 0.221993313454414 0.1946688352760458 0.1762898707870244
26 27 24 0.9577964519140988 0.9700680272108844 0.9700947045484862
33 27 16 0.2081045751633987 0.2172549019607843 0.2222222222222222
33 28 16 0.2503267973856209 0.1960784313725489 0.1439492968904732
34 28 18 0.3043740573152337 0.2852941176470588 0.2577178889176815
19 28 16 0.0 0.0 0.0
20 28 16 0.0 0.0 0.0
17 28 28 0.4873112463376154 0.4804146946134776 0.4680414694613477
16 28 28 0.615346405228758 0.5477385620915033 0.5114509803921569
18 28 16 0.495798319327731 0.4607843137254901 0.4568627450980392
20 28 17 0.0 0.0 0.0
19 28 17 0.0 0.0 0.0
15 28 28 0.615346405228758 0.5477385620915033 0.5114509803921569
28 27 19 0.438095238095238 0.4593837535014006 0.4683473389355742
28 28 19 0.2972824217406261 0.2974888200894393 0.2974888200894393
27 28 14 0.8516057233704293 0.8540434552199259 0.8577742448330684
28 28 14 0.6002450980392157 0.6282212885154062 0.6525910364145658
30 28 20 0.6471548619447778 0.6874589835934374 0.7044577831132455
31 28 20 0.2125902992776057 0.2215686274509803 0.2233230134158926
29 27 19 0.8315177923021059 0.8653594771241828 0.8795933188090052
29 28 19 0.7742872284048755 0.8342342342342343 0.8695495495495495
29 28 20 0.7059610466260083 0.7597875270509542 0.7899927864122237
27 28 19 0.3499019607843137 0.3499019607843137 0.3499019607843137
29 28 14 0.7029059829059829 0.7346204122674711 0.7531422825540471
27 27 19 0.5151779230210604 0.5297022512708788 0.5400145243282499
28 28 15 0.5911519607843138 0.6282212885154062 0.6525910364145658
30 28 15 0.64760348583878 0.6632897603485839 0.6700435729847496
31 28 15 0.625648323845667 0.6524035420619861 0.6675521821631878
34 28 17 0.2081045751633987 0.1683205456095481 0.1093094629156009
30 28 14 0.625648323845667 0.6524035420619861 0.6675521821631878
29 28 15 0.625648323845667 0.6524035420619861 0.6675521821631878
32 28 15 0.4618063441592853 0.4842304489363312 0.5028541146188206
26 27 19 0.438095238095238 0.4593837535014006 0.4683473389355742
22 28 21 0.4365569956796278 0.4372881355932203 0.4372881355932203
26 28 20 0.3499019607843137 0.3499019607843137 0.3499019607843137
27 28 16 0.3759645793801392 0.3890575585072739 0.3964579380139152
31 28 16 0.453512037726483 0.464259121370067 0.4740630429386945
23 28 23 0.6645368492224477 0.6700811359026368 0.6516565246788371
34 28 22 0.4827380047626285 0.5067132796270963 0.519754775295131
18 28 28 0.8449642171408625 0.8432218930737763 0.8210391575027637
13 28 28 0.8832054560954815 0.7858482523444159 0.7578289286729185
21 28 19 0.3165181224004753 0.3163992869875223 0.3133095662507427
20 28 19 0.3165181224004753 0.3163992869875223 0.3133095662507427
19 28 27 0.3598207282913165 0.3394957983193277 0.3315182072829131
34 28 19 0.3189542483660129 0.2922585330428466 0.2682643427741466
35 28 19 0.268609125893348 0.2517317207256734 0.2358988455195161
21 28 20 0.3165181224004753 0.3163992869875223 0.3133095662507427
18 28 27 0.4873112463376154 0.4804146946134776 0.4680414694613477
27 28 18 0.5151779230210604 0.5297022512708788 0.5400145243282499
28 28 18 0.438095238095238 0.4593837535014006 0.4683473389355742
22 28 20 0.4365569956796278 0.4372881355932203 0.4372881355932203
35 28 20 0.268609125893348 0.2517317207256734 0.2358988455195161
30 28 19 0.7071467839472236 0.7670331684075499 0.8022906358805205
26 28 19 0.3499019607843137 0.3499019607843137 0.3499019607843137
31 28 19 0.2505882352941176 0.2701960784313725 0.2839215686274509
23 28 25 0.4758556677108713 0.4793131453764938 0.4658313029353754
27 28 24 0.9511138486808336 0.953700852068576 0.9485473770660096
31 28 14 0.625648323845667 0.6524035420619861 0.6675521821631878
26 28 24 0.9584313725490198 0.9715196078431372 0.9717892156862746
25 28 24 0.841296030607365 0.8482305117168818 0.8245098039215686
28 28 16 0.5442556281771967 0.5711837327523601 0.5891938997821351
29 28 16 0.5774712643678162 0.576659905341447 0.5734415145368492
22 28 22 0.7470824474368061 0.7540278762107252 0.7477911646586345
30 28 16 0.5701170390636876 0.5715154278765769 0.569296245630035
27 28 20 0.3499019607843137 0.3499019607843137 0.3499019607843137
29 28 17 0.2857142857142857 0.2857142857142857 0.2857142857142857
34 28 21 0.268609125893348 0.2517317207256734 0.2358988455195161
30 28 17 0.5701170390636876 0.5715154278765769 0.569296245630035
28 28 17 0.438095238095238 0.4593837535014006 0.4683473389355742
33 28 22 0.2811594202898551 0.2840579710144927 0.2794543904518329
32 28 17 0.2081045751633987 0.2172549019607843 0.2222222222222222
39 29 15 0.168213200773267 0.1145539906103286 0.0388465974625143
32 28 22 0.5234068627450981 0.5289522058823529 0.5203431372549019
31 28 17 0.4175761871013465 0.4427474604299551 0.4606543822348216
22 28 23 0.7143366437484084 0.7243952126305068 0.7234530175706646
38 29 15 0.1700016758840287 0.1158538629126863 0.0364169599463716
23 28 24 0.4758556677108713 0.4793131453764938 0.4658313029353754
12 29 24 0.8225439919557567 0.7531422825540474 0.7158371040723981
37 29 15 0.1896378989552025 0.1032679738562091 0.0362091503267973
27 28 17 0.3759645793801392 0.3890575585072739 0.3964579380139152
19 29 16 0.1270588235294117 0.1079738562091503 0.1048366013071895
36 29 15 0.2003095975232197 0.1358364622444722 0.0865775401069518
29 28 18 0.2857142857142857 0.2857142857142857 0.2857142857142857
30 28 18 0.615686274509804 0.6230392156862745 0.6200980392156863
20 29 16 0.0 0.0 0.0
36 29 16 0.2003095975232197 0.1281775654424205 0.0350552403702597
24 28 24 0.4740392156862745 0.4772026143790849 0.4630849673202615
31 28 18 0.3801833159299222 0.4078199327068106 0.4290520942104652
32 28 18 0.2125902992776057 0.2215686274509803 0.2233230134158926
24 28 25 0.4740392156862745 0.4772026143790849 0.4630849673202615
12 29 25 0.9469434832756632 0.8821552150271873 0.8376338770802441
35 29 16 0.200121285627653 0.1341503267973856 0.0503267973856208
18 29 16 0.2717416378316032 0.2588235294117647 0.2569780853517878
18 29 17 0.0 0.0 0.0
20 29 17 0.0 0.0 0.0
27 29 14 0.802018795683954 0.7103376261747302 0.6571179951270449
28 29 14 0.7029059829059829 0.7103376261747302 0.6571179951270449
28 29 15 0.5774712643678162 0.576659905341447 0.5167224613422605
13 29 25 0.6777816452024596 0.560018563638473 0.5112426035502958
29 29 14 0.625648323845667 0.6524035420619861 0.6675521821631878
27 29 15 0.7408388520971303 0.7103376261747302 0.6571179951270449
19 29 17 0.1270588235294117 0.1079738562091503 0.1048366013071895
30 29 14 0.64760348583878 0.6632897603485839 0.6700435729847496
34 29 16 0.2255754475703324 0.1683205456095481 0.1093094629156009
13 29 26 0.8430816298150465 0.6897510777360588 0.6366013071895426
29 29 15 0.5701170390636876 0.5715154278765769 0.569296245630035
30 29 15 0.5701170390636876 0.5715154278765769 0.569296245630035
33 29 16 0.2497134238310708 0.1906334841628958 0.1388235294117646
32 28 19 0.0 0.0 0.0
31 29 14 0.625648323845667 0.6524035420619861 0.6675521821631878
31 29 15 0.5876283846872082 0.5893090569561158 0.5816993464052288
34 29 17 0.2106417112299464 0.1478966131907308 0.0865775401069518
32 29 15 0.3310227874933757 0.2999682034976152 0.2792156862745097
27 29 16 0.6396793200038635 0.6383463730319715 0.635062300782382
35 29 21 0.367156862745098 0.3681372549019607 0.368627450980392
13 29 27 0.8436578171091444 0.7531494013534618 0.6887118193891102
32 28 20 0.0 0.0 0.0
36 29 21 0.1459694989106754 0.1326513213981244 0.1233873259448706
31 29 16 0.4618063441592853 0.4842304489363312 0.5028541146188206
32 29 16 0.2503267973856209 0.2340595497458243 0.2228758169934639
34 29 18 0.3392789373814042 0.3005150447275684 0.264010120177103
27 29 17 0.4878488621726063 0.488306855588951 0.4874194933447832
21 29 19 0.3165181224004753 0.3163992869875223 0.3133095662507427
20 29 19 0.6246046805819102 0.6244781783681216 0.6222011385199241
13 29 28 0.8436578171091444 0.7531494013534618 0.7342703453062641
40 29 15 0.168213200773267 0.1080377189043556 0.037733872174824
17 29 28 0.3598207282913165 0.3394957983193277 0.3315182072829131
18 29 28 0.9132438940488478 0.84 0.8153067678684376
32 29 18 0.2104575163398692 0.2209150326797385 0.2218954248366013
21 29 20 0.5883017613825191 0.5887670322366234 0.5863742107012296
34 29 19 0.3528681037632444 0.3148459383753501 0.2754110339788089
15 29 28 0.6450980392156862 0.5798893916540976 0.5506284565108094
27 29 18 0.2857142857142857 0.2857142857142857 0.2857142857142857
16 29 28 0.615346405228758 0.5477385620915033 0.5114509803921569
22 29 20 0.4365569956796278 0.4372881355932203 0.4372881355932203
35 29 19 0.221993313454414 0.1946688352760458 0.1762898707870244
22 29 21 0.6547025589896978 0.6564971751412432 0.6558989697573946
35 29 20 0.221993313454414 0.1946688352760458 0.1762898707870244
27 29 19 0.2972824217406261 0.2974888200894393 0.2974888200894393
28 29 16 0.2857142857142857 0.2857142857142857 0.2857142857142857
30 29 16 0.5193899782135076 0.5254901960784314 0.5237472766884532
29 29 16 0.2857142857142857 0.2857142857142857 0.2857142857142857
22 29 22 0.7265151515151516 0.7321301247771835 0.7233957219251337
23 29 23 0.6172448466566113 0.6224233283056813 0.6112116641528406
28 29 17 0.2857142857142857 0.2857142857142857 0.2857142857142857
32 29 22 0.2811594202898551 0.2840579710144927 0.2794543904518329
33 29 22 0.2811594202898551 0.2840579710144927 0.2794543904518329
29 29 17 0.2857142857142857 0.2857142857142857 0.2857142857142857
30 29 17 0.5193899782135076 0.5254901960784314 0.5237472766884532
31 29 17 0.3310227874933757 0.2999682034976152 0.2792156862745097
22 29 23 0.7265151515151516 0.7321301247771835 0.7233957219251337
34 29 21 0.221993313454414 0.1946688352760458 0.1762898707870244
23 29 24 0.5307929461092613 0.5336539647305463 0.518954248366013
34 29 22 0.4676197567634648 0.4864432861752295 0.4916058575328866
12 30 24 0.6777816452024596 0.560018563638473 0.5112426035502958
25 29 24 0.8601089324618736 0.8653376906318082 0.8474945533769064
39 30 15 0.1687172578955245 0.1080377189043556 0.037733872174824
40 30 15 0.168213200773267 0.1080377189043556 0.037733872174824
38 30 15 0.168213200773267 0.1145539906103286 0.0364169599463716
37 30 15 0.1899346405228758 0.1032679738562091 0.035860333438188
24 29 24 0.4758556677108713 0.4793131453764938 0.4658313029353754
24 29 25 0.4758556677108713 0.4793131453764938 0.4658313029353754
23 29 25 0.5307929461092613 0.5336539647305463 0.518954248366013
19 30 16 0.1270588235294117 0.1079738562091503 0.1048366013071895
12 30 25 0.8430816298150465 0.6897510777360588 0.6366013071895426
20 30 16 0.6743175701653209 0.5526143790849672 0.4898692810457516
19 29 27 0.3598207282913165 0.3394957983193277 0.3315182072829131
28 29 24 0.9511138486808336 0.953700852068576 0.9485473770660096
36 30 16 0.198676051617228 0.1146482122260668 0.0350552403702597
36 30 15 0.1899346405228758 0.1032679738562091 0.0350552403702597
13 30 25 0.6777816452024596 0.560018563638473 0.5112426035502958
27 30 15 0.8212976247409535 0.6224613422604814 0.5167224613422605
13 30 26 0.7920573305464316 0.6373046680601173 0.5591917985468299
35 30 16 0.1899346405228758 0.1032679738562091 0.0350552403702597
18 29 27 0.3598207282913165 0.3394957983193277 0.3315182072829131
18 30 16 0.1270588235294117 0.1079738562091503 0.1048366013071895
20 30 17 0.7339869281045751 0.5526143790849672 0.4898692810457516
34 30 16 0.1607843137254902 0.1341503267973856 0.0503267973856208
18 30 17 0.1718360071301247 0.1433155080213903 0.1397504456327985
19 30 17 0.1270588235294117 0.1079738562091503 0.1048366013071895
27 29 24 0.9849288735101888 0.990443106376409 0.9889888504421376
34 30 17 0.1607843137254902 0.1281775654424205 0.0350552403702597
32 30 16 0.2975490196078431 0.272156862745098 0.2555882352941176
26 29 24 0.9511138486808336 0.953700852068576 0.9485473770660096
13 30 27 0.88150424348844 0.7519987840097279 0.7074327405380756
33 30 16 0.2426433168687322 0.1816045502170333 0.1266277503367758
21 30 19 0.5883017613825191 0.5887670322366234 0.5863742107012296
35 30 21 0.3358543417366946 0.3375350140056022 0.330812324929972
20 30 19 0.5883017613825191 0.5887670322366234 0.5863742107012296
34 30 18 0.2519492502883506 0.2203460207612455 0.1974625144175316
13 30 28 0.88150424348844 0.8035703833772313 0.7856014047410007
36 30 21 0.0718192209619273 0.0640288402356458 0.0582959641255605
35 29 22 0.3358543417366946 0.3375350140056022 0.330812324929972
21 30 20 0.5883017613825191 0.5887670322366234 0.5863742107012296
17 30 28 0.406718954248366 0.3989281045751634 0.3970980392156862
18 30 28 0.8889978213507624 0.8233660130718954 0.8125272331154684
15 30 28 0.6970521541950113 0.6010137388288649 0.5694010937708417
22 30 20 0.6547025589896978 0.6564971751412432 0.6558989697573946
16 30 28 0.6450980392156862 0.5798893916540976 0.5506284565108094
34 30 19 0.2519492502883506 0.2203460207612455 0.1974625144175316
28 30 24 0.853359353219961 0.8681535173311029 0.8705138927608959
35 30 19 0.1459694989106754 0.1326513213981244 0.0906079326707851
22 30 21 0.7654901960784315 0.7667226890756305 0.7673389355742299
27 30 16 0.5774712643678162 0.576659905341447 0.5298039215686273
35 30 20 0.1459694989106754 0.1326513213981244 0.116854401335002
22 30 22 0.6172448466566113 0.6224233283056813 0.6112116641528406
23 30 23 0.5206599713055954 0.526781444285031 0.5166427546628408
22 30 23 0.6172448466566113 0.6224233283056813 0.6112116641528406
19 31 16 0.1270588235294117 0.1079738562091503 0.1048366013071895
20 31 16 0.5593251253989966 0.4527131782945735 0.4056543547651617
27 30 24 0.8781960784313728 0.8781960784313728 0.8781960784313728
23 30 24 0.5040793328825782 0.5071444669821951 0.4977462249267522
26 30 24 0.9814795008912656 0.9845632798573976 0.9760962566844922
12 31 24 0.7920573305464316 0.6079298017549561 0.5199436680749648
34 30 22 0.4480016047339651 0.4613610149942329 0.4633869916252945
18 31 16 0.4128851540616246 0.3456582633053222 0.3361344537815126
37 31 15 0.1568627450980392 0.0823529411764705 0.0235294117647058
38 31 15 0.1568627450980392 0.0823529411764705 0.0235294117647058
25 30 24 0.8846914912754092 0.8885411045152005 0.8742219823709302
33 30 22 0.2811594202898551 0.2840579710144927 0.2794543904518329
18 31 17 0.4128851540616246 0.3456582633053222 0.3361344537815126
20 31 17 0.5593251253989966 0.4527131782945735 0.4056543547651617
27 31 15 0.6906460945033752 0.5454837672774029 0.4186023127199597
24 30 25 0.5040793328825782 0.5071444669821951 0.4977462249267522
19 31 17 0.1718360071301247 0.1433155080213903 0.1397504456327985
23 30 25 0.5040793328825782 0.5071444669821951 0.4977462249267522
36 31 15 0.195856455789863 0.1158538629126863 0.0350552403702597
36 31 16 0.1977976697925546 0.1228820714888825 0.0350552403702597
12 31 25 0.7920573305464316 0.6373046680601173 0.5591917985468299
39 31 15 0.1794117647058823 0.1153310599602159 0.0388465974625143
40 31 15 0.1687172578955245 0.1080377189043556 0.037733872174824
27 31 16 0.7333584715937658 0.5457013574660632 0.4186023127199597
13 31 26 0.7920573305464316 0.6373046680601173 0.5591917985468299
24 30 24 0.5040793328825782 0.5071444669821951 0.4977462249267522
29 30 23 0.853359353219961 0.8681535173311029 0.8705138927608959
30 30 23 0.853359353219961 0.8681535173311029 0.8705138927608959
35 31 16 0.195856455789863 0.1146482122260668 0.035860333438188
19 30 27 0.3598207282913165 0.3394957983193277 0.3315182072829131
32 30 22 0.6453781512605042 0.65542823189882 0.6456158220864102
20 30 27 0.8965907083554144 0.85359477124183 0.8314196549490668
20 29 27 0.8449642171408625 0.8432652586257054 0.8210391575027637
13 31 25 0.7594975490196079 0.6079298017549561 0.5199436680749648
18 30 27 0.406718954248366 0.3989281045751634 0.3970980392156862
21 31 19 0.5883017613825191 0.5003974562798092 0.4172760996290408
31 30 22 0.2811594202898551 0.2840579710144927 0.2794543904518329
13 31 27 0.3647058823529412 0.2901960784313726 0.2729411764705882
20 31 19 0.8623577826192206 0.7965141612200436 0.7225853304284677
31 30 23 0.7625396825396825 0.7860877684407097 0.7969934640522877
32 31 16 0.3276292335115864 0.2988413547237076 0.2850267379679144
34 31 16 0.1607843137254902 0.126840244294439 0.0350552403702597
28 30 23 0.8781960784313728 0.8781960784313728 0.8781960784313728
33 31 16 0.1607843137254902 0.1341503267973856 0.0503267973856208
34 31 17 0.1607843137254902 0.1246453052765821 0.0364737765024708
32 31 17 0.1607843137254902 0.1490196078431372 0.1464052287581699
30 30 22 0.853359353219961 0.8681535173311029 0.8705138927608959
33 31 17 0.2104468016714882 0.126840244294439 0.0431211828993892
21 31 20 0.6964396284829721 0.5595459236326109 0.4708978328173375
13 31 28 0.9481649069884366 0.924333836098542 0.9207642031171442
22 31 20 0.7654901960784315 0.6444834650278023 0.5470295580918935
27 30 23 0.9912397216951296 0.9939433551198258 0.9924183006535948
18 31 28 0.8861805800164374 0.825877656451802 0.8114081996434938
17 31 28 0.4567951318458418 0.4498444895199459 0.4471670047329277
25 30 25 0.8846914912754092 0.8885411045152005 0.8742219823709302
34 31 18 0.1918648310387984 0.1519816437213183 0.0906079326707851
16 31 28 0.0635294117647058 0.0515032679738562 0.0501960784313725
15 31 28 0.6611164684453017 0.6106075216972033 0.5938712096860602
22 31 21 0.7840796019900497 0.6444834650278023 0.5470295580918935
39 31 14 0.1770308123249299 0.1153310599602159 0.0388465974625143
34 30 21 0.1459694989106754 0.1326513213981244 0.1233873259448706
22 31 22 0.5206599713055954 0.526781444285031 0.5166427546628408
33 30 21 0.2811594202898551 0.2840579710144927 0.2794543904518329
30 31 23 0.853359353219961 0.8019955911358626 0.667177166724678
33 31 22 0.4768552397035369 0.414860681114551 0.3886668543015292
34 31 19 0.1918648310387984 0.1519816437213183 0.116854401335002
32 31 22 0.6566219470244239 0.6002407980736154 0.5756621947024424
29 31 23 0.8592000000000001 0.6823843137254904 0.5790117647058824
23 31 23 0.5206599713055954 0.526781444285031 0.4648888888888888
28 31 23 0.8142602495543673 0.6644162210338681 0.5753787878787878
35 31 19 0.0718192209619273 0.0640288402356458 0.0582959641255605
31 31 22 0.7625396825396825 0.7668320340184266 0.6749586581620599
30 31 22 0.853359353219961 0.8019955911358626 0.667177166724678
22 31 23 0.5206599713055954 0.526781444285031 0.5166427546628408
19 32 13 0.693172130512284 0.54210648686352 0.4215833701901813
35 31 20 0.0718192209619273 0.0640288402356458 0.0582959641255605
18 32 13 0.7757054041128646 0.5724533715925395 0.3834528933524629
27 31 23 0.830351548903585 0.6357350040607959 0.5337742197470703
18 31 13 0.8627450980392157 0.8235294117647058 0.8705882352941177
19 32 14 0.6058985577702155 0.480667638956409 0.4141306109220548
18 31 14 0.8860009119927041 0.8722298221614225 0.9338805289557685
18 32 14 0.7995569776027565 0.6079908113873165 0.4805972598244319
23 31 24 0.5206599713055954 0.526781444285031 0.4648888888888888
25 31 24 0.7872607030978073 0.5927137718992922 0.4978767838496345
27 31 24 0.830351548903585 0.6357350040607959 0.5337742197470703
15 32 20 0.8773515203182721 0.6338493292053663 0.5371687136393019
35 31 21 0.2889561707035755 0.2898500576701269 0.2909755206430398
19 31 14 0.8215686274509802 0.8209150326797386 0.8705882352941177
26 31 24 0.8387883358471593 0.6415032679738562 0.5321015585721468
24 31 24 0.5040793328825782 0.4449917898193761 0.3636627064618951
12 32 24 0.8936335027838295 0.6485768500948766 0.5408602150537634
13 32 23 0.4823529411764706 0.3431372549019608 0.288235294117647
20 31 20 0.7654901960784315 0.7667226890756305 0.7225853304284677
14 32 20 0.8773515203182721 0.6338493292053663 0.5323264440911499
13 32 24 0.4823529411764706 0.3431372549019608 0.288235294117647
12 32 23 0.4823529411764706 0.3431372549019608 0.288235294117647
19 31 15 0.1270588235294117 0.1079738562091503 0.1048366013071895
23 31 25 0.8063437139561708 0.8126105344098421 0.8276432141484045
18 31 15 0.8755417956656348 0.7784313725490195 0.6647058823529413
14 32 21 0.8564499484004129 0.6353973168214656 0.5371687136393019
15 32 21 0.8773515203182721 0.6338493292053663 0.5494324045407636
24 31 25 0.5040793328825782 0.4449917898193761 0.3636627064618951
37 32 15 0.145723216822961 0.0847684001136686 0.0341574310883773
38 32 15 0.0868937048503612 0.0461300309597522 0.0156862745098039
20 31 21 0.2298642533936651 0.2302664655605832 0.2294620412267471
12 32 25 0.7594975490196079 0.6110294117647059 0.5505514705882353
13 32 25 0.7920573305464316 0.6335989879822898 0.5309044908285895
39 32 15 0.0868937048503612 0.0461300309597522 0.0156862745098039
19 31 27 0.406718954248366 0.3989281045751634 0.3970980392156862
18 32 15 0.693172130512284 0.54210648686352 0.453165930403782
19 32 15 0.5593251253989966 0.4527131782945735 0.4056543547651617
20 31 27 0.8965907083554144 0.85359477124183 0.8314196549490668
40 32 15 0.1590652699435938 0.1013698630136986 0.0428382496693691
34 31 21 0.0718192209619273 0.0640288402356458 0.0582959641255605
14 32 22 0.8564499484004129 0.6353973168214656 0.5408602150537634
15 32 22 0.8773515203182721 0.6367149758454106 0.5568627450980392
36 32 16 0.1133986928104574 0.0604575163398692 0.0152505446623093
37 32 16 0.145723216822961 0.0847684001136686 0.0341574310883773
37 31 16 0.1568627450980392 0.0823529411764705 0.0235294117647058
33 31 21 0.4768552397035369 0.414860681114551 0.3886668543015292
18 31 27 0.4567951318458418 0.4498444895199459 0.4471670047329277
35 32 16 0.1133986928104574 0.0604575163398692 0.0152505446623093
15 32 24 0.9176470588235294 0.6609625668449197 0.5778966131907308
13 32 22 0.4823529411764706 0.3431372549019608 0.288235294117647
27 32 16 0.6490196078431372 0.4706072720350275 0.3519512659432705
17 32 19 0.9382953181272508 0.6736928104575163 0.5552287581699346
18 32 16 0.6058985577702155 0.480667638956409 0.4141306109220548
19 32 16 0.4128851540616246 0.3456582633053222 0.3361344537815126
14 32 23 0.8564499484004129 0.6353973168214656 0.5408602150537634
15 32 23 0.9236760124610592 0.6805704099821748 0.5911126580809838
13 32 26 0.3647058823529412 0.2901960784313726 0.2729411764705882
20 31 22 0.2298642533936651 0.2302664655605832 0.2294620412267471
16 32 19 0.4843137254901961 0.3392156862745098 0.2823529411764706
27 32 17 0.8105812739296903 0.554727926673628 0.38665738484743
15 32 19 0.8920536635706915 0.6338493292053663 0.5323264440911499
15 32 25 0.0 0.0 0.0
20 32 18 0.6504504504504505 0.5003974562798092 0.4172760996290408
20 31 18 0.7715983363042187 0.7012477718360071 0.6768865121806298
16 32 20 0.93807396376272 0.6481717011128776 0.5323264440911499
17 32 20 0.6457516339869281 0.5150326797385621 0.4692810457516339
26 32 17 0.6490196078431372 0.4706072720350275 0.3519512659432705
14 32 25 0.7594975490196079 0.6110294117647059 0.5309044908285895
27 31 17 0.842125237191651 0.6163127973082725 0.4377073906485671
20 32 16 0.5593251253989966 0.4527131782945735 0.3994426196874688
16 32 21 0.9151426907396624 0.6464569986410407 0.5371687136393019
34 32 16 0.1607843137254902 0.1246453052765821 0.0364737765024708
14 31 25 0.3647058823529412 0.2901960784313726 0.2729411764705882
20 32 19 0.6964396284829721 0.5595459236326109 0.4664187514086094
14 32 26 0.809342115224468 0.6335989879822898 0.5309044908285895
20 32 12 0.7757054041128646 0.5724533715925395 0.3834528933524629
19 31 18 0.4128851540616246 0.3456582633053222 0.3361344537815126
21 32 19 0.6504504504504505 0.5003974562798092 0.4171017519433809
14 31 26 0.3647058823529412 0.2901960784313726 0.2729411764705882
21 32 12 0.6617823177175061 0.5058823529411764 0.3894094164611952
16 32 23 0.0 0.0 0.0
23 32 12 0.7678462620107804 0.6065463635653464 0.4755878446996328
19 32 12 0.7757054041128646 0.5724533715925395 0.3834528933524629
32 32 17 0.452014539497261 0.2855087597169045 0.1581157906949761
34 32 17 0.2253019607843136 0.1320941176470587 0.055435294117647
22 32 12 0.6617823177175061 0.5058823529411764 0.3894094164611952
24 32 12 0.7678462620107804 0.6065463635653464 0.4301685586515308
25 32 12 0.923409012727898 0.6437564499484003 0.4301685586515308
16 32 22 0.9151426907396624 0.6464569986410407 0.5659220650285431
34 32 11 0.4185641998734978 0.2655913978494623 0.1625036221385105
14 32 24 0.7594975490196079 0.6110294117647059 0.5408602150537634
35 32 21 0.4388712241653417 0.3465107782243332 0.2909755206430398
26 32 12 0.8908363345338136 0.6523210993799229 0.4435562259091671
27 32 12 0.7860899653979239 0.5587543252595156 0.4097347174163783
20 32 17 0.5593251253989966 0.4527131782945735 0.3994426196874688
35 32 12 0.4184012066365007 0.2632478632478632 0.1465811965811965
28 32 12 0.6618209067066317 0.4994629699013362 0.3992006993880354
30 32 12 0.4886904761904762 0.3555672268907563 0.2547733847637415
18 32 17 0.5593251253989966 0.4527131782945735 0.4056543547651617
26 32 18 0.8142889339643904 0.662044817927171 0.4587710084033614
27 32 18 0.7680295436560274 0.5666754594214368 0.3987690143321903
17 32 21 0.7235694277711084 0.5352941176470587 0.4645098039215686
32 32 12 0.4253628724216958 0.2754265342500636 0.1713106295149638
33 32 11 0.4253628724216958 0.2754265342500636 0.1733638910109498
33 32 12 0.4185641998734978 0.2655913978494623 0.1672823718859524
32 32 18 0.452014539497261 0.2990602158022972 0.1742197470704257
29 32 12 0.615753309870957 0.4727668845315904 0.3804571552377857
19 31 19 0.5883017613825191 0.5150326797385621 0.4692810457516339
36 32 12 0.4078431372549019 0.259160229748465 0.1415112386417981
32 31 18 0.4666666666666667 0.3803921568627451 0.3034226708434852
31 32 12 0.4678431372549019 0.2939471440750212 0.1770247229326513
20 32 13 0.6617823177175061 0.5058823529411764 0.3834528933524629
17 32 15 0.8633986928104576 0.7216013071895425 0.6221895424836601
34 32 12 0.4078431372549019 0.2622549019607842 0.1560348583877995
35 32 11 0.4078431372549019 0.2622549019607842 0.1598732422261833
21 32 13 0.8119121332743624 0.6123839009287925 0.4215833701901813
22 32 13 0.6617823177175061 0.5058823529411764 0.3894094164611952
23 32 13 0.7678462620107804 0.605757678794061 0.4502323472741699
38 32 13 0.3568627450980392 0.2295900178253119 0.1297682709447415
17 32 16 0.8457959454968428 0.6675145733969265 0.5561208267090623
24 32 13 0.6295393897203851 0.4448311869126349 0.3336814015547047
25 32 13 0.6295393897203851 0.4448311869126349 0.3336814015547047
13 32 27 0.9246998024015808 0.686776661884266 0.5899808703969391
26 32 13 0.7660049019607843 0.5341176470588235 0.3985049019607842
27 32 13 0.6618209067066317 0.4994629699013362 0.3992006993880354
28 32 13 0.615753309870957 0.4727668845315904 0.383174124350595
38 32 14 0.1770308123249299 0.1176470588235294 0.0404092071611252
29 32 13 0.4886904761904762 0.3555672268907563 0.2734943977591036
35 32 20 0.3575960465487008 0.2690897497210266 0.2008493720068672
36 32 13 0.3946812733190442 0.2375705404112864 0.1260832137733141
37 32 13 0.3946812733190442 0.2406128443280145 0.1296499166468206
31 32 13 0.4253628724216958 0.2754265342500636 0.1733638910109498
32 32 13 0.4351457339692633 0.2799576046634869 0.16827495042961
30 32 13 0.4678431372549019 0.3123529411764705 0.2111764705882352
21 32 20 0.6964396284829721 0.5595459236326109 0.4286816854401335
22 32 20 0.7100359670495419 0.4980160111381831 0.3553776540201879
34 32 18 0.1133986928104574 0.0604575163398692 0.0152505446623093
39 32 14 0.1794117647058823 0.1153310599602159 0.0391872691105427
33 32 13 0.4142678347934918 0.2427826449728827 0.1329995828118481
35 32 13 0.4002295552367288 0.236594637855142 0.1208083233293316
14 32 27 0.9139278937381404 0.6335989879822898 0.5309044908285895
26 32 19 0.806630109670987 0.6012254901960783 0.4596949891067537
27 32 19 0.806630109670987 0.6604246432300732 0.4429516185172293
32 32 19 0.4649787423059839 0.3555498721227622 0.2781074168797953
20 32 14 0.6058985577702155 0.480667638956409 0.4141306109220548
22 32 21 0.7412608053974278 0.5848484848484848 0.4004901960784314
17 32 17 0.4128851540616246 0.3456582633053222 0.3361344537815126
40 32 14 0.1590652699435938 0.1013698630136986 0.0428382496693691
30 32 14 0.4707587382779198 0.2939471440750212 0.1770247229326513
31 32 14 0.4486274509803922 0.2858823529411763 0.1713106295149638
23 32 14 0.8454487486051332 0.605757678794061 0.4301685586515308
24 32 14 0.6295393897203851 0.4448311869126349 0.3336814015547047
25 32 14 0.6295393897203851 0.4448311869126349 0.3336814015547047
21 32 14 0.8454487486051332 0.6455145788885502 0.4647973178908869
22 32 14 0.7678462620107804 0.6065463635653464 0.4755878446996328
13 32 28 0.9277310924369748 0.700840336134454 0.6219887955182074
34 32 13 0.4069027611044418 0.236594637855142 0.1208083233293316
35 32 18 0.1918648310387984 0.1519816437213183 0.0771929824561403
18 32 22 0.7409803921568627 0.5352941176470587 0.4645098039215686
20 32 15 0.5593251253989966 0.4527131782945735 0.4056543547651617
19 32 18 0.6457516339869281 0.4986762217577385 0.3994426196874688
26 32 14 0.7333584715937658 0.5341176470588235 0.3985049019607842
27 32 14 0.7333584715937658 0.5457013574660632 0.4186023127199597
28 32 14 0.6906460945033752 0.4990358574368975 0.3804571552377857
29 32 14 0.5536912032572591 0.3674274081217186 0.2547733847637415
17 32 22 0.7409803921568627 0.5352941176470587 0.4645098039215686
16 32 17 0.4843137254901961 0.3392156862745098 0.2823529411764706
19 32 19 0.6457516339869281 0.5003974562798092 0.4172760996290408
37 32 14 0.195856455789863 0.1223825379208286 0.0411394746577875
32 32 14 0.4349531116794544 0.2765179501752391 0.1672823718859524
30 32 15 0.5881605975723622 0.36593837535014 0.2240522875816993
33 32 14 0.4142678347934918 0.2427826449728827 0.1282452221394886
26 32 21 0.7333602856950341 0.6012254901960783 0.4596949891067537
31 32 15 0.4751046486010134 0.2898435778805904 0.16827495042961
32 32 15 0.4142678347934918 0.2427826449728827 0.1329995828118481
33 32 15 0.4069027611044418 0.236594637855142 0.1208083233293316
34 32 19 0.1062852538275584 0.0875637926403438 0.0730325006715014
21 32 16 0.6675027371354634 0.4986762217577385 0.3994426196874688
26 32 20 0.7333602856950341 0.6012254901960783 0.4596949891067537
17 32 28 0.8844106463878327 0.7586004461664906 0.7373957966420099
17 32 18 0.93492315845257 0.6675145733969265 0.5561208267090623
18 32 18 0.6457516339869281 0.5150326797385621 0.4692810457516339
31 32 19 0.452014539497261 0.3869246915476373 0.3215153934877118
35 32 19 0.1918648310387984 0.1519816437213183 0.0989554700384826
36 32 14 0.3863480392156863 0.2375705404112864 0.1260832137733141
23 32 23 0.5206599713055954 0.4449917898193761 0.3636627064618951
16 32 18 0.4843137254901961 0.3392156862745098 0.2823529411764706
22 32 22 0.6276601307189542 0.5359999999999999 0.3828828828828828
16 32 26 0.0635294117647058 0.0515032679738562 0.0501960784313725
15 32 28 0.564953560371517 0.4827244582043341 0.4741795665634675
32 32 20 0.4768552397035369 0.3759709289121053 0.2967522143992732
35 32 14 0.3952893352462935 0.236594637855142 0.1208083233293316
31 32 20 0.4649787423059839 0.4291262135922331 0.4038708039850244
17 32 23 0.0 0.0 0.0
18 32 23 0.7409803921568627 0.5352941176470587 0.4645098039215686
34 32 14 0.4069027611044418 0.236594637855142 0.1208083233293316
21 32 15 0.6883079157588959 0.54966373022639 0.4203656341763758
22 32 15 0.8539499036608864 0.605757678794061 0.4502323472741699
23 32 15 0.6295393897203851 0.4448311869126349 0.3336814015547047
24 32 15 0.7660049019607843 0.5341176470588235 0.3985049019607842
25 32 15 0.6295393897203851 0.4448311869126349 0.3336814015547047
30 32 16 0.6640069889341875 0.4825082508250825 0.3019811033221579
19 31 20 0.6457516339869281 0.5150326797385621 0.4692810457516339
19 32 20 0.6457516339869281 0.5150326797385621 0.4692810457516339
22 32 16 0.8815871910894536 0.6353173221951502 0.4524886877828055
30 32 23 0.773845538215286 0.7379431772709082 0.667177166724678
17 32 24 0.0 0.0 0.0
15 32 27 0.0635294117647058 0.0515032679738562 0.0501960784313725
26 32 15 0.6906460945033752 0.5341176470588235 0.3985049019607842
27 32 15 0.6490196078431372 0.4706072720350275 0.3519512659432705
28 32 15 0.6490196078431372 0.4706072720350275 0.3519512659432705
34 32 15 0.1607843137254902 0.1490196078431372 0.088043387567793
35 32 15 0.195856455789863 0.1223825379208286 0.0411394746577875
29 32 15 0.7741255296088284 0.4909843334318651 0.3116563208197851
31 32 16 0.4774585803313573 0.339813258636788 0.1863305322128851
32 32 16 0.1607843137254902 0.1490196078431372 0.1282452221394886
33 32 16 0.2104468016714882 0.126840244294439 0.0431211828993892
17 32 25 0.0 0.0 0.0
23 32 17 0.7825733843833391 0.5540085856827938 0.4050817960320223
29 32 23 0.8592000000000001 0.6823843137254904 0.5790117647058824
36 32 15 0.1900608519269776 0.1101926977687626 0.0364737765024708
31 32 21 0.5286274509803922 0.4818969448244414 0.457437300501596
16 32 27 0.0635294117647058 0.0515032679738562 0.0501960784313725
17 32 27 0.4567951318458418 0.4498444895199459 0.4471670047329277
18 32 20 0.7235694277711084 0.5981592637054822 0.547579031612645
38 32 16 0.0868937048503612 0.0461300309597522 0.0156862745098039
18 32 25 0.9053114916852818 0.7413998510796723 0.6920824025812856
15 32 18 0.4843137254901961 0.3392156862745098 0.2823529411764706
21 32 17 0.6504504504504505 0.4986762217577385 0.3994426196874688
22 32 17 0.7825733843833391 0.5540085856827938 0.4171017519433809
24 32 17 0.9476737440538348 0.6099346405228757 0.4050817960320223
25 32 17 0.8714700081215918 0.6163127973082725 0.4377073906485671
23 32 24 0.5881000676132522 0.4449917898193761 0.3636627064618951
18 32 28 0.904660414890594 0.8167320261437909 0.7899782135076252
18 32 19 0.6457516339869281 0.5150326797385621 0.4692810457516339
33 32 22 0.4768552397035369 0.414860681114551 0.3886668543015292
20 32 23 0.9652890899949724 0.9109982174688056 0.8475038242247254
22 32 23 0.6276601307189542 0.5359999999999999 0.3964032950458289
25 32 24 0.7872607030978073 0.5927137718992922 0.4978767838496345
28 32 23 0.8142602495543673 0.6644162210338681 0.5753787878787878
30 32 17 0.6266968325791854 0.4458773252890899 0.3220462543991955
19 32 21 0.7235694277711084 0.5981592637054822 0.547579031612645
24 32 24 0.5881000676132522 0.4449917898193761 0.3636627064618951
32 32 21 0.4768552397035369 0.3928607340372046 0.3445701357466063
16 32 25 0.7803921568627451 0.6094658553076402 0.557179000632511
16 32 28 0.0635294117647058 0.0515032679738562 0.0501960784313725
23 32 16 0.9144042232277524 0.6099346405228757 0.4103267973856208
24 32 16 0.7556100217864924 0.5655228758169935 0.4103267973856208
25 32 16 0.7333584715937658 0.5457013574660632 0.4186023127199597
27 32 23 0.830351548903585 0.6357350040607959 0.5337742197470703
32 32 22 0.4806033182503771 0.3878934137757668 0.3479537456008044
34 32 21 0.2889561707035755 0.2690897497210266 0.209022796110314
20 32 20 0.7849222447599731 0.788235294117647 0.6902089783281733
21 32 18 0.6504504504504505 0.4986762217577385 0.3994426196874688
28 32 17 0.6490196078431372 0.4706072720350275 0.3519512659432705
35 32 17 0.1133986928104574 0.0604575163398692 0.0152505446623093
23 32 18 0.7100359670495419 0.4980160111381831 0.3553776540201879
24 32 18 0.7100359670495419 0.4980160111381831 0.3553776540201879
25 32 18 0.8886645782573385 0.6294929806242023 0.4435132957292506
18 32 24 0.9053114916852818 0.6936764705882353 0.6257352941176471
23 32 25 0.6527731092436975 0.6425770308123248 0.6422408963585433
24 32 25 0.5881000676132522 0.4449917898193761 0.3636627064618951
33 32 18 0.217100904288656 0.1538365117736592 0.0780529755761953
29 32 17 0.6640069889341875 0.4825082508250825 0.3379926227916909
26 32 16 0.7490742638518822 0.5655228758169935 0.4351684263448969
28 32 16 0.6490196078431372 0.4706072720350275 0.3519512659432705
31 32 22 0.4768552397035369 0.414860681114551 0.3886668543015292
26 32 24 0.8387883358471593 0.6415032679738562 0.5321015585721468
29 32 16 0.6640069889341875 0.4825082508250825 0.3379926227916909
18 32 21 0.7409803921568627 0.5352941176470587 0.4645098039215686
17 32 26 0.7803921568627451 0.6094658553076402 0.557179000632511
18 32 26 0.98255651987571 0.8594028520499108 0.8258689839572194
33 32 21 0.4428206065034709 0.3465107782243332 0.2909755206430398
28 32 18 0.6640069889341875 0.4825082508250825 0.3379926227916909
27 32 24 0.830351548903585 0.6357350040607959 0.5337742197470703
20 32 21 0.7840796019900497 0.6444834650278023 0.5470295580918935
31 32 17 0.5640888523241464 0.4149901380670611 0.2861816916115558
33 32 17 0.2610451906084322 0.1741647732054194 0.088043387567793
30 32 22 0.6566219470244239 0.6002407980736154 0.5756621947024424
22 32 18 0.7825733843833391 0.5540085856827938 0.4103267973856208
20 32 22 0.9710695187165777 0.9000659087164278 0.8219146482122262
29 32 18 0.7680295436560274 0.5666754594214368 0.3820698332809059
30 32 18 0.6266968325791854 0.4458773252890899 0.3220462543991955
19 32 22 0.2298642533936651 0.2302664655605832 0.2294620412267471
23 32 20 0.7412608053974278 0.5510157216039567 0.3828828828828828
22 32 19 0.7840796019900497 0.5783479349186482 0.4050817960320223
23 32 19 0.7100359670495419 0.4980160111381831 0.3553776540201879
24 32 19 0.7100359670495419 0.4980160111381831 0.3553776540201879
25 32 19 0.7451985922574159 0.5530920060331825 0.4245852187028656
30 32 20 0.5264661520716883 0.4073995208943305 0.3215153934877118
16 32 24 0.0 0.0 0.0
33 32 19 0.1918648310387984 0.1519816437213183 0.104814063556457
29 32 20 0.8428263988522238 0.6015542802486848 0.4064562410329985
19 32 23 0.960577915376677 0.8288207148888265 0.7682146542827658
23 32 21 0.7412608053974278 0.5510157216039567 0.3828828828828828
24 32 21 0.7842441118459219 0.5510157216039567 0.3828828828828828
18 32 27 0.8965907083554144 0.8167320261437909 0.7899782135076252
31 32 18 0.5264661520716883 0.4073995208943305 0.2717976910390324
28 32 19 0.8289592760180996 0.575310360830723 0.3914375217542638
29 32 21 0.8592000000000001 0.6823843137254904 0.5171442936148818
30 32 21 0.6517055123936366 0.5802293747687755 0.5339548649648539
29 32 19 0.6266968325791854 0.4458773252890899 0.3220462543991955
30 32 19 0.5825965889314304 0.4149901380670611 0.3034226708434852
20 32 24 0.9652890899949724 0.911457800511509 0.8650554795561636
25 32 21 0.7451985922574159 0.5530920060331825 0.4245852187028656
19 32 24 0.9652890899949724 0.8905441466527443 0.8424643230073094
24 32 20 0.7100359670495419 0.4980160111381831 0.3553776540201879
25 32 20 0.7451985922574159 0.5530920060331825 0.4245852187028656
28 32 21 0.8142602495543673 0.6644162210338681 0.53493543758967
27 32 20 0.7333602856950341 0.6392022100936595 0.4668290985033066
23 32 22 0.5206599713055954 0.5244823162910024 0.3964032950458289
24 32 22 0.7096573208722742 0.5244823162910024 0.3828828828828828
25 32 22 0.7333602856950341 0.5927137718992922 0.4421651013346516
33 32 20 0.4259148820818649 0.2944429384657088 0.2008493720068672
28 32 20 0.9245865302642796 0.6864833507367444 0.463905325443787
28 32 22 0.8142602495543673 0.6644162210338681 0.5753787878787878
29 32 22 0.8592000000000001 0.6823843137254904 0.538011346670648
34 32 20 0.0718192209619273 0.0640288402356458 0.0582959641255605
19 32 25 0.980925861468848 0.8951022110972049 0.8537505214851898
20 32 25 0.9652890899949724 0.9103641456582636 0.8703495311167946
24 32 23 0.5881000676132522 0.4449917898193761 0.3636627064618951
25 32 23 0.7872607030978073 0.5927137718992922 0.4837955907751702
27 32 21 0.7333602856950341 0.6392022100936595 0.5171442936148818
19 32 26 0.4567951318458418 0.4498444895199459 0.4471670047329277
26 32 22 0.830351548903585 0.6210976010515938 0.4802059371234527
27 32 22 0.7333602856950341 0.6357350040607959 0.5337742197470703
20 32 26 0.8965907083554144 0.85359477124183 0.8314196549490668
19 32 27 0.4567951318458418 0.4498444895199459 0.4471670047329277
20 32 27 0.8965907083554144 0.85359477124183 0.8314196549490668
26 32 23 0.8142602495543673 0.6357350040607959 0.5321015585721468
