12 17 29 0 0 0
12 18 29 0 0 0
23 19 22 0 0 0
24 18 24 0 0 0
24 19 24 0 0 0
17 19 28 0 0 0
16 19 28 0 0 0
12 19 29 0 0 0
19 19 27 0 0 0
23 20 22 0 0 0
12 20 29 0 0 0
16 20 28 0 0 0
19 20 27 0 0 0
43 20 18 0 0 0
22 20 20 0 0 0
31 20 22 0 0 0
21 20 19 0 0 0
22 20 19 0 0 0
19 21 16 0 0 0
22 21 19 0 0 0
24 20 24 0 0 0
22 21 20 0 0 0
18 21 27 0 0 0
23 21 22 0 0 0
19 21 27 0 0 0
24 21 24 0 0 0
19 22 16 0 0 0
40 22 19 0 0 0
21 22 19 0 0 0
22 22 19 0 0 0
22 22 20 0 0 0
19 23 16 0 0 0
20 23 16 0 0 0
23 22 22 0 0 0
24 22 24 0 0 0
43 23 18 0 0 0
44 23 18 0 0 0
40 23 19 0 0 0
21 23 19 0 0 0
22 23 19 0 0 0
13 23 25 0 0 0
22 23 20 0 0 0
19 24 16 0 0 0
20 24 16 0 0 0
23 23 22 0 0 0
23 23 23 0 0 0
31 23 22 0 0 0
41 24 19 0 0 0
24 23 24 0 0 0
13 24 25 0 0 0
30 23 21 0 0 0
31 23 21 0 0 0
30 23 22 0 0 0
29 23 21 0 0 0
21 24 19 0 0 0
31 24 21 0 0 0
22 24 20 0 0 0
28 24 20 0 0 0
27 23 20 0 0 0
27 24 20 0 0 0
19 25 16 0 0 0
20 25 16 0 0 0
23 24 23 0 0 0
13 25 25 0 0 0
24 24 24 0 0 0
21 25 19 0 0 0
19 26 16 0 0 0
31 25 21 0 0 0
20 26 16 0 0 0
22 25 20 0 0 0
27 25 20 0 0 0
13 26 25 0 0 0
23 25 23 0 0 0
41 26 19 0 0 0
24 25 24 0 0 0
21 26 19 0 0 0
31 26 21 0 0 0
22 26 20 0 0 0
28 25 20 0 0 0
28 26 20 0 0 0
19 27 16 0 0 0
20 27 16 0 0 0
23 26 23 0 0 0
32 26 20 0 0 0
44 27 18 0 0 0
31 26 20 0 0 0
41 27 19 0 0 0
13 27 25 0 0 0
24 26 24 0 0 0
38 27 20 0 0 0
37 27 20 0 0 0
29 26 20 0 0 0
38 27 15 0 0 0
39 27 15 0 0 0
37 27 15 0 0 0
40 27 16 0 0 0
41 27 16 0 0 0
27 27 17 0 0 0
43 27 17 0 0 0
32 26 19 0 0 0
40 27 15 0 0 0
40 27 17 0 0 0
27 26 17 0 0 0
36 27 16 0 0 0
37 27 16 0 0 0
38 27 16 0 0 0
42 27 17 0 0 0
35 27 16 0 0 0
41 27 17 0 0 0
43 27 18 0 0 0
39 27 16 0 0 0
27 26 18 0 0 0
42 27 16 0 0 0
21 27 19 0 0 0
39 27 17 0 0 0
34 27 16 0 0 0
27 27 18 0 0 0
40 27 18 0 0 0
41 27 18 0 0 0
42 27 18 0 0 0
39 27 18 0 0 0
35 27 17 0 0 0
36 27 17 0 0 0
37 27 17 0 0 0
38 27 17 0 0 0
34 27 17 0 0 0
27 26 19 0 0 0
38 27 18 0 0 0
37 27 18 0 0 0
37 27 19 0 0 0
22 27 20 0 0 0
36 27 19 0 0 0
30 27 20 0 0 0
31 27 20 0 0 0
30 26 20 0 0 0
32 26 21 0 0 0
38 27 19 0 0 0
39 27 19 0 0 0
40 27 19 0 0 0
35 27 19 0 0 0
35 27 18 0 0 0
36 27 18 0 0 0
32 27 21 0 0 0
27 27 16 0 0 0
36 27 20 0 0 0
23 27 23 0 0 0
34 28 16 0 0 0
13 28 25 0 0 0
24 27 24 0 0 0
32 28 16 0 0 0
33 27 16 0 0 0
19 28 16 0 0 0
20 28 16 0 0 0
28 27 19 0 0 0
28 28 14 0 0 0
29 27 19 0 0 0
29 28 19 0 0 0
27 28 19 0 0 0
29 28 14 0 0 0
27 27 19 0 0 0
28 28 15 0 0 0
30 28 15 0 0 0
31 28 15 0 0 0
30 28 14 0 0 0
29 28 15 0 0 0
32 28 15 0 0 0
31 28 16 0 0 0
23 28 23 0 0 0
21 28 19 0 0 0
35 28 19 0 0 0
28 28 18 0 0 0
22 28 20 0 0 0
30 28 19 0 0 0
31 28 19 0 0 0
31 28 14 0 0 0
28 28 16 0 0 0
29 28 16 0 0 0
30 28 16 0 0 0
29 28 17 0 0 0
30 28 17 0 0 0
28 28 17 0 0 0
32 28 17 0 0 0
31 28 17 0 0 0
19 29 16 0 0 0
29 28 18 0 0 0
30 28 18 0 0 0
20 29 16 0 0 0
24 28 24 0 0 0
31 28 18 0 0 0
32 28 18 0 0 0
28 29 14 0 0 0
28 29 15 0 0 0
13 29 25 0 0 0
29 29 14 0 0 0
30 29 14 0 0 0
34 29 16 0 0 0
29 29 15 0 0 0
30 29 15 0 0 0
32 28 19 0 0 0
31 29 14 0 0 0
31 29 15 0 0 0
32 29 15 0 0 0
35 29 21 0 0 0
31 29 16 0 0 0
21 29 19 0 0 0
22 29 20 0 0 0
35 29 19 0 0 0
28 29 16 0 0 0
30 29 16 0 0 0
29 29 16 0 0 0
23 29 23 0 0 0
24 29 24 0 0 0
19 30 16 0 0 0
20 30 16 0 0 0
13 30 25 0 0 0
34 30 16 0 0 0
21 30 19 0 0 0
22 30 20 0 0 0
35 30 19 0 0 0
23 30 23 0 0 0
19 31 16 0 0 0
20 31 16 0 0 0
37 31 15 0 0 0
25 30 24 0 0 0
20 31 17 0 0 0
19 31 17 0 0 0
24 30 24 0 0 0
13 31 25 0 0 0
21 31 19 0 0 0
31 30 22 0 0 0
20 31 19 0 0 0
34 31 16 0 0 0
28 30 23 0 0 0
33 31 16 0 0 0
34 31 17 0 0 0
22 31 20 0 0 0
34 30 21 0 0 0
23 31 23 0 0 0
35 31 19 0 0 0
19 32 13 0 0 0
19 32 14 0 0 0
15 32 20 0 0 0
19 31 14 0 0 0
24 31 24 0 0 0
13 32 23 0 0 0
20 31 20 0 0 0
13 32 24 0 0 0
19 31 15 0 0 0
15 32 21 0 0 0
37 32 15 0 0 0
38 32 15 0 0 0
13 32 25 0 0 0
18 32 15 0 0 0
19 32 15 0 0 0
14 32 22 0 0 0
15 32 22 0 0 0
35 32 16 0 0 0
15 32 24 0 0 0
27 32 16 0 0 0
17 32 19 0 0 0
18 32 16 0 0 0
14 32 23 0 0 0
15 32 23 0 0 0
16 32 19 0 0 0
27 32 17 0 0 0
20 32 18 0 0 0
20 31 18 0 0 0
16 32 20 0 0 0
17 32 20 0 0 0
26 32 17 0 0 0
14 32 25 0 0 0
20 32 16 0 0 0
16 32 21 0 0 0
34 32 16 0 0 0
14 31 25 0 0 0
20 32 19 0 0 0
14 32 26 0 0 0
20 32 12 0 0 0
21 32 19 0 0 0
21 32 12 0 0 0
16 32 23 0 0 0
23 32 12 0 0 0
32 32 17 0 0 0
34 32 17 0 0 0
22 32 12 0 0 0
24 32 12 0 0 0
25 32 12 0 0 0
16 32 22 0 0 0
34 32 11 0 0 0
14 32 24 0 0 0
26 32 12 0 0 0
27 32 12 0 0 0
35 32 12 0 0 0
28 32 12 0 0 0
30 32 12 0 0 0
18 32 17 0 0 0
26 32 18 0 0 0
27 32 18 0 0 0
17 32 21 0 0 0
32 32 12 0 0 0
33 32 12 0 0 0
32 32 18 0 0 0
29 32 12 0 0 0
36 32 12 0 0 0
31 32 12 0 0 0
20 32 13 0 0 0
34 32 12 0 0 0
35 32 11 0 0 0
21 32 13 0 0 0
22 32 13 0 0 0
23 32 13 0 0 0
38 32 13 0 0 0
24 32 13 0 0 0
25 32 13 0 0 0
26 32 13 0 0 0
27 32 13 0 0 0
28 32 13 0 0 0
38 32 14 0 0 0
29 32 13 0 0 0
35 32 20 0 0 0
36 32 13 0 0 0
37 32 13 0 0 0
31 32 13 0 0 0
32 32 13 0 0 0
30 32 13 0 0 0
22 32 20 0 0 0
34 32 18 0 0 0
39 32 14 0 0 0
33 32 13 0 0 0
35 32 13 0 0 0
26 32 19 0 0 0
27 32 19 0 0 0
32 32 19 0 0 0
20 32 14 0 0 0
17 32 17 0 0 0
40 32 14 0 0 0
30 32 14 0 0 0
31 32 14 0 0 0
23 32 14 0 0 0
24 32 14 0 0 0
25 32 14 0 0 0
21 32 14 0 0 0
22 32 14 0 0 0
34 32 13 0 0 0
35 32 18 0 0 0
18 32 22 0 0 0
20 32 15 0 0 0
19 32 18 0 0 0
26 32 14 0 0 0
27 32 14 0 0 0
28 32 14 0 0 0
29 32 14 0 0 0
17 32 22 0 0 0
19 32 19 0 0 0
37 32 14 0 0 0
32 32 14 0 0 0
30 32 15 0 0 0
33 32 14 0 0 0
26 32 21 0 0 0
31 32 15 0 0 0
32 32 15 0 0 0
33 32 15 0 0 0
34 32 19 0 0 0
21 32 16 0 0 0
26 32 20 0 0 0
17 32 18 0 0 0
18 32 18 0 0 0
31 32 19 0 0 0
35 32 19 0 0 0
36 32 14 0 0 0
23 32 23 0 0 0
16 32 18 0 0 0
32 32 20 0 0 0
35 32 14 0 0 0
31 32 20 0 0 0
17 32 23 0 0 0
18 32 23 0 0 0
34 32 14 0 0 0
21 32 15 0 0 0
22 32 15 0 0 0
23 32 15 0 0 0
24 32 15 0 0 0
25 32 15 0 0 0
30 32 16 0 0 0
19 32 20 0 0 0
22 32 16 0 0 0
17 32 24 0 0 0
15 32 27 0 0 0
26 32 15 0 0 0
27 32 15 0 0 0
28 32 15 0 0 0
34 32 15 0 0 0
35 32 15 0 0 0
29 32 15 0 0 0
31 32 16 0 0 0
32 32 16 0 0 0
33 32 16 0 0 0
17 32 25 0 0 0
23 32 17 0 0 0
36 32 15 0 0 0
31 32 21 0 0 0
16 32 27 0 0 0
17 32 27 0 0 0
18 32 20 0 0 0
18 32 25 0 0 0
21 32 17 0 0 0
22 32 17 0 0 0
24 32 17 0 0 0
25 32 17 0 0 0
18 32 19 0 0 0
20 32 23 0 0 0
30 32 17 0 0 0
19 32 21 0 0 0
24 32 24 0 0 0
32 32 21 0 0 0
16 32 25 0 0 0
23 32 16 0 0 0
24 32 16 0 0 0
25 32 16 0 0 0
27 32 23 0 0 0
20 32 20 0 0 0
21 32 18 0 0 0
28 32 17 0 0 0
35 32 17 0 0 0
23 32 18 0 0 0
24 32 18 0 0 0
25 32 18 0 0 0
18 32 24 0 0 0
33 32 18 0 0 0
29 32 17 0 0 0
26 32 16 0 0 0
28 32 16 0 0 0
29 32 16 0 0 0
18 32 21 0 0 0
17 32 26 0 0 0
18 32 26 0 0 0
33 32 21 0 0 0
28 32 18 0 0 0
20 32 21 0 0 0
31 32 17 0 0 0
33 32 17 0 0 0
30 32 22 0 0 0
22 32 18 0 0 0
20 32 22 0 0 0
29 32 18 0 0 0
30 32 18 0 0 0
19 32 22 0 0 0
23 32 20 0 0 0
22 32 19 0 0 0
23 32 19 0 0 0
24 32 19 0 0 0
25 32 19 0 0 0
30 32 20 0 0 0
16 32 24 0 0 0
33 32 19 0 0 0
29 32 20 0 0 0
19 32 23 0 0 0
23 32 21 0 0 0
24 32 21 0 0 0
18 32 27 0 0 0
31 32 18 0 0 0
28 32 19 0 0 0
29 32 21 0 0 0
30 32 21 0 0 0
29 32 19 0 0 0
30 32 19 0 0 0
20 32 24 0 0 0
25 32 21 0 0 0
19 32 24 0 0 0
24 32 20 0 0 0
25 32 20 0 0 0
28 32 21 0 0 0
27 32 20 0 0 0
23 32 22 0 0 0
24 32 22 0 0 0
25 32 22 0 0 0
33 32 20 0 0 0
28 32 20 0 0 0
28 32 22 0 0 0
29 32 22 0 0 0
34 32 20 0 0 0
19 32 25 0 0 0
20 32 25 0 0 0
24 32 23 0 0 0
25 32 23 0 0 0
27 32 21 0 0 0
19 32 26 0 0 0
26 32 22 0 0 0
27 32 22 0 0 0
20 32 26 0 0 0
26 32 23 0 0 0
