24.0 35.0 59.0 0.0 0.0 0.0
23.0 35.0 60.0 0.0 0.0 0.0
23.0 36.0 60.0 0.0 0.0 0.0
24.0 36.0 60.0 0.0 0.0 0.0
23.0 36.0 61.0 0.0 0.0 0.0
31.0 38.0 57.0 0.0 0.0 0.0
36.0 39.0 56.0 0.0 0.0 0.0
24.0 37.0 60.0 0.0 0.0 0.0
24.0 39.0 59.0 0.0 0.0 0.0
32.0 39.0 57.0 0.0 0.0 0.0
31.0 39.0 58.0 0.0 0.0 0.0
23.0 37.0 60.0 0.0 0.0 0.0
24.0 38.0 60.0 0.0 0.0 0.0
23.0 38.0 60.0 0.0 0.0 0.0
24.0 40.0 59.0 0.0 0.0 0.0
32.0 40.0 57.0 0.0 0.0 0.0
37.0 40.0 56.0 0.0 0.0 0.0
36.0 40.0 56.0 0.0 0.0 0.0
43.0 42.0 39.0 0.0 0.0 0.0
44.0 42.0 41.0 0.0 0.0 0.0
47.0 41.0 49.0 0.0 0.0 0.0
47.0 42.0 49.0 0.0 0.0 0.0
43.0 43.0 39.0 0.0 0.0 0.0
44.0 43.0 41.0 0.0 0.0 0.0
43.0 44.0 39.0 0.0 0.0 0.0
44.0 44.0 41.0 0.0 0.0 0.0
47.0 43.0 49.0 0.0 0.0 0.0
43.0 45.0 39.0 0.0 0.0 0.0
47.0 44.0 49.0 0.0 0.0 0.0
44.0 45.0 41.0 0.0 0.0 0.0
47.0 45.0 49.0 0.0 0.0 0.0
43.0 46.0 39.0 0.0 0.0 0.0
85.0 47.0 38.0 0.0 0.0 0.0
78.0 47.0 40.0 0.0 0.0 0.0
47.0 46.0 49.0 0.0 0.0 0.0
44.0 47.0 41.0 0.0 0.0 0.0
44.0 48.0 41.0 0.0 0.0 0.0
47.0 47.0 49.0 0.0 0.0 0.0
44.0 49.0 41.0 0.0 0.0 0.0
47.0 49.0 49.0 0.0 0.0 0.0
44.0 51.0 41.0 0.0 0.0 0.0
44.0 52.0 41.0 0.0 0.0 0.0
44.0 53.0 41.0 0.0 0.0 0.0
63.0 53.0 42.0 0.0 0.0 0.0
53.0 53.0 41.0 0.0 0.0 0.0
44.0 54.0 41.0 0.0 0.0 0.0
63.0 54.0 42.0 0.0 0.0 0.0
65.0 55.0 33.0 0.0 0.0 0.0
55.0 56.0 31.0 0.0 0.0 0.0
44.0 55.0 41.0 0.0 0.0 0.0
54.0 56.0 39.0 0.0 0.0 0.0
61.0 57.0 30.0 0.0 0.0 0.0
60.0 57.0 31.0 0.0 0.0 0.0
65.0 57.0 32.0 0.0 0.0 0.0
55.0 57.0 31.0 0.0 0.0 0.0
39.0 58.0 33.0 0.0 0.0 0.0
55.0 58.0 30.0 0.0 0.0 0.0
55.0 58.0 31.0 0.0 0.0 0.0
65.0 58.0 32.0 0.0 0.0 0.0
39.0 59.0 33.0 0.0 0.0 0.0
55.0 59.0 31.0 0.0 0.0 0.0
39.0 60.0 33.0 0.0 0.0 0.0
39.0 61.0 33.0 0.0 0.0 0.0
70.0 59.0 43.0 0.0 0.0 0.0
39.0 62.0 33.0 0.0 0.0 0.0
39.0 63.0 32.0 0.0 0.0 0.0
41.0 63.0 38.0 0.0 0.0 0.0
