24 35 59 0 0 0
23 35 60 0 0 0
23 36 60 0 0 0
24 36 60 0 0 0
23 36 61 0 0 0
31 38 57 0 0 0
36 39 56 0 0 0
24 37 60 0 0 0
24 39 59 0 0 0
32 39 57 0 0 0
31 39 58 0 0 0
23 37 60 0 0 0
24 38 60 0 0 0
23 38 60 0 0 0
24 40 59 0 0 0
32 40 57 0 0 0
37 40 56 0 0 0
36 40 56 0 0 0
43 42 39 0 0 0
44 42 41 0 0 0
47 41 49 0 0 0
47 42 49 0 0 0
43 43 39 0 0 0
44 43 41 0 0 0
43 44 39 0 0 0
44 44 41 0 0 0
47 43 49 0 0 0
43 45 39 0 0 0
47 44 49 0 0 0
44 45 41 0 0 0
47 45 49 0 0 0
43 46 39 0 0 0
85 47 38 0 0 0
78 47 40 0 0 0
47 46 49 0 0 0
44 47 41 0 0 0
44 48 41 0 0 0
47 47 49 0 0 0
44 49 41 0 0 0
47 49 49 0 0 0
44 51 41 0 0 0
44 52 41 0 0 0
44 53 41 0 0 0
63 53 42 0 0 0
53 53 41 0 0 0
44 54 41 0 0 0
63 54 42 0 0 0
65 55 33 0 0 0
55 56 31 0 0 0
44 55 41 0 0 0
54 56 39 0 0 0
61 57 30 0 0 0
60 57 31 0 0 0
65 57 32 0 0 0
55 57 31 0 0 0
39 58 33 0 0 0
55 58 30 0 0 0
55 58 31 0 0 0
65 58 32 0 0 0
39 59 33 0 0 0
55 59 31 0 0 0
39 60 33 0 0 0
39 61 33 0 0 0
70 59 43 0 0 0
39 62 33 0 0 0
39 63 32 0 0 0
41 63 38 0 0 0
