24 33 58 0 0 0
24 33 59 0 0 0
23 33 59 0 0 0
31 34 56 0 0 0
32 34 56 0 0 0
33 34 56 0 0 0
34 34 56 0 0 0
31 34 57 0 0 0
35 34 56 0 0 0
36 34 55 0 0 0
37 34 55 0 0 0
36 34 56 0 0 0
36 35 55 0 0 0
31 35 57 0 0 0
26 33 58 0 0 0
36 35 56 0 0 0
37 35 55 0 0 0
26 34 58 0 0 0
25 34 58 0 0 0
25 33 58 0 0 0
35 35 56 0 0 0
34 35 56 0 0 0
31 36 57 0 0 0
37 35 56 0 0 0
33 35 56 0 0 0
36 36 56 0 0 0
26 35 58 0 0 0
24 34 58 0 0 0
30 36 57 0 0 0
31 35 56 0 0 0
25 35 58 0 0 0
24 34 59 0 0 0
35 36 56 0 0 0
32 35 56 0 0 0
26 36 58 0 0 0
37 36 55 0 0 0
36 36 55 0 0 0
34 36 56 0 0 0
32 35 57 0 0 0
25 36 58 0 0 0
23 34 59 0 0 0
33 36 56 0 0 0
32 34 57 0 0 0
24 35 59 0 0 0
32 36 56 0 0 0
24 35 58 0 0 0
25 36 59 0 0 0
25 35 59 0 0 0
31 36 56 0 0 0
24 36 59 0 0 0
23 35 59 0 0 0
23 34 60 0 0 0
24 34 60 0 0 0
23 36 59 0 0 0
23 35 60 0 0 0
24 35 60 0 0 0
23 36 60 0 0 0
24 36 60 0 0 0
22 36 60 0 0 0
22 35 60 0 0 0
22 35 61 0 0 0
23 36 61 0 0 0
23 35 61 0 0 0
22 36 61 0 0 0
22 36 62 0 0 0
51 37 48 0 0 0
52 37 48 0 0 0
53 37 48 0 0 0
51 37 49 0 0 0
52 37 49 0 0 0
45 39 45 0 0 0
46 39 45 0 0 0
47 37 50 0 0 0
48 37 50 0 0 0
46 38 47 0 0 0
54 38 47 0 0 0
54 38 48 0 0 0
55 38 47 0 0 0
55 38 48 0 0 0
47 38 48 0 0 0
47 37 48 0 0 0
46 39 46 0 0 0
53 38 48 0 0 0
54 37 48 0 0 0
50 37 49 0 0 0
46 38 46 0 0 0
46 38 48 0 0 0
59 38 46 0 0 0
60 38 46 0 0 0
60 39 46 0 0 0
47 37 49 0 0 0
49 37 49 0 0 0
57 38 47 0 0 0
48 37 49 0 0 0
59 39 46 0 0 0
52 38 48 0 0 0
56 38 47 0 0 0
46 37 48 0 0 0
58 38 47 0 0 0
46 37 49 0 0 0
49 37 50 0 0 0
58 38 46 0 0 0
58 39 47 0 0 0
58 39 46 0 0 0
46 39 48 0 0 0
37 37 55 0 0 0
46 37 50 0 0 0
50 38 49 0 0 0
51 38 49 0 0 0
51 38 48 0 0 0
56 39 47 0 0 0
36 37 55 0 0 0
46 38 49 0 0 0
31 37 57 0 0 0
36 37 56 0 0 0
57 39 47 0 0 0
35 37 56 0 0 0
26 37 58 0 0 0
30 37 57 0 0 0
55 39 47 0 0 0
34 37 56 0 0 0
49 38 49 0 0 0
25 37 58 0 0 0
35 38 56 0 0 0
36 38 56 0 0 0
54 39 48 0 0 0
55 39 48 0 0 0
30 38 57 0 0 0
31 38 57 0 0 0
33 37 56 0 0 0
48 38 49 0 0 0
36 38 55 0 0 0
37 38 55 0 0 0
34 38 56 0 0 0
32 37 56 0 0 0
48 38 50 0 0 0
26 38 58 0 0 0
25 37 59 0 0 0
53 39 48 0 0 0
33 38 56 0 0 0
37 39 55 0 0 0
47 38 50 0 0 0
25 38 58 0 0 0
52 39 48 0 0 0
32 38 56 0 0 0
30 38 56 0 0 0
35 39 56 0 0 0
36 39 55 0 0 0
36 39 56 0 0 0
31 37 56 0 0 0
26 39 58 0 0 0
49 38 50 0 0 0
24 37 59 0 0 0
25 39 58 0 0 0
34 39 56 0 0 0
30 39 57 0 0 0
46 39 49 0 0 0
51 39 49 0 0 0
31 38 56 0 0 0
31 39 57 0 0 0
50 39 49 0 0 0
25 38 59 0 0 0
33 39 56 0 0 0
46 38 50 0 0 0
24 38 59 0 0 0
30 38 58 0 0 0
31 38 58 0 0 0
24 37 60 0 0 0
25 37 60 0 0 0
49 39 49 0 0 0
25 39 59 0 0 0
32 39 56 0 0 0
45 39 43 0 0 0
30 39 56 0 0 0
23 38 59 0 0 0
23 39 59 0 0 0
24 39 59 0 0 0
45 39 44 0 0 0
48 39 49 0 0 0
32 39 57 0 0 0
23 37 59 0 0 0
30 39 58 0 0 0
31 39 58 0 0 0
32 38 57 0 0 0
48 39 50 0 0 0
25 36 60 0 0 0
23 37 60 0 0 0
47 39 50 0 0 0
22 37 60 0 0 0
24 38 60 0 0 0
25 38 60 0 0 0
46 39 50 0 0 0
30 38 59 0 0 0
30 40 57 0 0 0
22 37 61 0 0 0
24 37 61 0 0 0
23 38 60 0 0 0
33 39 57 0 0 0
23 37 61 0 0 0
38 39 55 0 0 0
24 36 61 0 0 0
23 39 60 0 0 0
24 39 60 0 0 0
25 39 60 0 0 0
31 39 59 0 0 0
35 40 56 0 0 0
30 39 59 0 0 0
32 39 58 0 0 0
31 38 59 0 0 0
46 40 45 0 0 0
32 38 58 0 0 0
34 40 56 0 0 0
24 39 58 0 0 0
25 40 58 0 0 0
35 39 57 0 0 0
36 39 57 0 0 0
24 40 58 0 0 0
22 38 60 0 0 0
23 38 61 0 0 0
24 38 61 0 0 0
33 39 58 0 0 0
37 39 56 0 0 0
38 39 56 0 0 0
26 40 58 0 0 0
34 39 57 0 0 0
24 40 59 0 0 0
25 40 59 0 0 0
22 37 62 0 0 0
46 39 47 0 0 0
32 40 56 0 0 0
23 36 62 0 0 0
22 38 61 0 0 0
32 40 57 0 0 0
23 40 59 0 0 0
31 40 57 0 0 0
35 40 57 0 0 0
46 40 48 0 0 0
37 40 55 0 0 0
38 40 55 0 0 0
47 39 48 0 0 0
39 39 56 0 0 0
36 40 55 0 0 0
34 39 58 0 0 0
37 39 57 0 0 0
33 40 57 0 0 0
34 40 57 0 0 0
37 40 56 0 0 0
38 40 56 0 0 0
23 40 60 0 0 0
24 40 60 0 0 0
39 40 56 0 0 0
31 40 58 0 0 0
32 40 58 0 0 0
33 40 58 0 0 0
50 40 49 0 0 0
37 40 57 0 0 0
36 40 57 0 0 0
47 40 50 0 0 0
73 39 42 0 0 0
72 39 42 0 0 0
73 40 42 0 0 0
72 40 42 0 0 0
71 39 43 0 0 0
86 40 37 0 0 0
70 40 43 0 0 0
70 39 43 0 0 0
71 40 43 0 0 0
87 40 37 0 0 0
63 39 45 0 0 0
64 39 45 0 0 0
65 39 44 0 0 0
66 39 44 0 0 0
85 40 38 0 0 0
86 40 38 0 0 0
85 40 37 0 0 0
86 41 37 0 0 0
61 39 45 0 0 0
65 40 44 0 0 0
66 40 44 0 0 0
72 39 43 0 0 0
72 40 43 0 0 0
61 39 46 0 0 0
45 40 41 0 0 0
81 40 39 0 0 0
62 39 45 0 0 0
44 40 42 0 0 0
69 39 43 0 0 0
69 40 43 0 0 0
65 39 45 0 0 0
80 40 39 0 0 0
81 40 40 0 0 0
80 40 40 0 0 0
44 40 43 0 0 0
60 40 46 0 0 0
64 40 45 0 0 0
84 40 38 0 0 0
79 40 40 0 0 0
45 40 43 0 0 0
55 40 47 0 0 0
56 40 47 0 0 0
69 39 44 0 0 0
69 40 44 0 0 0
63 40 45 0 0 0
42 41 38 0 0 0
84 40 39 0 0 0
85 40 39 0 0 0
75 40 41 0 0 0
76 40 41 0 0 0
85 41 38 0 0 0
77 40 40 0 0 0
43 41 38 0 0 0
59 40 46 0 0 0
68 40 44 0 0 0
68 39 44 0 0 0
78 40 40 0 0 0
43 41 39 0 0 0
43 41 41 0 0 0
80 41 39 0 0 0
55 40 48 0 0 0
62 40 45 0 0 0
75 40 42 0 0 0
76 40 40 0 0 0
67 39 44 0 0 0
67 40 44 0 0 0
74 40 42 0 0 0
43 41 40 0 0 0
44 41 41 0 0 0
80 41 40 0 0 0
87 41 37 0 0 0
83 40 39 0 0 0
44 41 39 0 0 0
45 40 44 0 0 0
84 41 38 0 0 0
65 40 45 0 0 0
61 40 45 0 0 0
79 41 40 0 0 0
58 40 47 0 0 0
86 41 38 0 0 0
82 40 39 0 0 0
46 40 46 0 0 0
45 41 41 0 0 0
61 40 46 0 0 0
53 40 48 0 0 0
44 41 43 0 0 0
45 41 43 0 0 0
84 41 39 0 0 0
42 41 39 0 0 0
77 40 41 0 0 0
85 41 37 0 0 0
75 41 42 0 0 0
87 42 37 0 0 0
81 41 39 0 0 0
78 41 40 0 0 0
39 42 32 0 0 0
52 39 49 0 0 0
81 41 40 0 0 0
57 40 47 0 0 0
86 42 37 0 0 0
39 42 33 0 0 0
40 42 33 0 0 0
74 41 42 0 0 0
44 41 42 0 0 0
82 41 39 0 0 0
41 41 39 0 0 0
86 42 38 0 0 0
39 42 34 0 0 0
75 41 41 0 0 0
76 41 41 0 0 0
77 41 40 0 0 0
85 42 38 0 0 0
54 40 48 0 0 0
38 42 33 0 0 0
71 40 42 0 0 0
79 42 40 0 0 0
45 41 42 0 0 0
45 40 45 0 0 0
70 41 43 0 0 0
71 41 43 0 0 0
83 41 39 0 0 0
40 42 32 0 0 0
77 41 41 0 0 0
77 42 40 0 0 0
58 40 46 0 0 0
72 41 42 0 0 0
83 42 39 0 0 0
69 41 43 0 0 0
64 40 44 0 0 0
66 41 44 0 0 0
76 41 40 0 0 0
73 41 42 0 0 0
68 41 43 0 0 0
46 40 47 0 0 0
52 40 48 0 0 0
30 41 57 0 0 0
63 41 45 0 0 0
68 41 44 0 0 0
36 40 56 0 0 0
37 42 33 0 0 0
42 42 38 0 0 0
47 40 48 0 0 0
67 41 44 0 0 0
51 40 49 0 0 0
72 41 43 0 0 0
43 42 38 0 0 0
81 42 39 0 0 0
35 41 56 0 0 0
37 42 34 0 0 0
65 41 44 0 0 0
46 41 45 0 0 0
62 41 45 0 0 0
43 42 39 0 0 0
45 41 44 0 0 0
42 42 39 0 0 0
76 42 41 0 0 0
25 41 58 0 0 0
46 40 49 0 0 0
64 41 45 0 0 0
26 41 58 0 0 0
44 42 39 0 0 0
33 40 56 0 0 0
31 41 57 0 0 0
51 40 48 0 0 0
56 41 47 0 0 0
46 41 46 0 0 0
30 40 58 0 0 0
24 41 58 0 0 0
49 40 49 0 0 0
33 41 56 0 0 0
54 41 48 0 0 0
57 41 47 0 0 0
60 41 46 0 0 0
61 41 46 0 0 0
48 40 49 0 0 0
24 41 59 0 0 0
36 41 55 0 0 0
36 41 56 0 0 0
43 42 40 0 0 0
47 40 49 0 0 0
46 41 47 0 0 0
23 41 59 0 0 0
45 41 45 0 0 0
59 41 46 0 0 0
26 42 58 0 0 0
48 40 50 0 0 0
31 41 58 0 0 0
61 41 45 0 0 0
25 40 60 0 0 0
34 41 56 0 0 0
58 41 46 0 0 0
51 41 49 0 0 0
46 40 50 0 0 0
58 41 47 0 0 0
50 41 49 0 0 0
55 41 47 0 0 0
43 42 41 0 0 0
44 42 41 0 0 0
32 41 56 0 0 0
46 41 48 0 0 0
34 42 56 0 0 0
24 42 59 0 0 0
55 41 48 0 0 0
32 41 57 0 0 0
47 41 48 0 0 0
22 40 60 0 0 0
62 41 46 0 0 0
62 42 45 0 0 0
45 42 41 0 0 0
53 41 48 0 0 0
31 42 57 0 0 0
47 41 50 0 0 0
31 42 56 0 0 0
52 41 48 0 0 0
30 42 57 0 0 0
84 42 38 0 0 0
25 42 58 0 0 0
45 42 42 0 0 0
47 41 49 0 0 0
51 41 48 0 0 0
80 42 39 0 0 0
44 42 42 0 0 0
24 42 58 0 0 0
46 41 49 0 0 0
80 42 40 0 0 0
84 42 39 0 0 0
49 41 49 0 0 0
35 42 56 0 0 0
36 42 55 0 0 0
35 42 55 0 0 0
36 42 56 0 0 0
44 42 40 0 0 0
78 42 40 0 0 0
48 41 49 0 0 0
82 42 39 0 0 0
23 42 59 0 0 0
37 41 55 0 0 0
38 41 55 0 0 0
44 42 43 0 0 0
45 42 43 0 0 0
33 42 56 0 0 0
76 42 40 0 0 0
25 42 59 0 0 0
32 42 56 0 0 0
77 42 41 0 0 0
39 41 55 0 0 0
46 41 50 0 0 0
32 42 57 0 0 0
75 42 41 0 0 0
46 42 45 0 0 0
51 42 49 0 0 0
65 42 44 0 0 0
66 42 44 0 0 0
45 42 44 0 0 0
74 42 42 0 0 0
75 42 42 0 0 0
70 42 43 0 0 0
71 42 43 0 0 0
46 42 46 0 0 0
87 42 38 0 0 0
64 42 45 0 0 0
73 42 42 0 0 0
65 42 45 0 0 0
69 42 43 0 0 0
63 42 45 0 0 0
72 42 42 0 0 0
68 42 44 0 0 0
68 42 43 0 0 0
72 42 43 0 0 0
46 42 50 0 0 0
67 42 44 0 0 0
60 42 46 0 0 0
61 42 46 0 0 0
45 42 45 0 0 0
62 42 46 0 0 0
38 41 56 0 0 0
39 41 56 0 0 0
59 42 46 0 0 0
37 41 56 0 0 0
55 42 47 0 0 0
56 42 47 0 0 0
46 42 48 0 0 0
55 42 48 0 0 0
47 42 48 0 0 0
58 42 46 0 0 0
59 42 47 0 0 0
54 42 48 0 0 0
58 42 47 0 0 0
38 42 55 0 0 0
57 42 47 0 0 0
53 42 48 0 0 0
52 42 48 0 0 0
46 42 47 0 0 0
51 42 48 0 0 0
47 42 49 0 0 0
46 42 49 0 0 0
50 42 49 0 0 0
49 42 49 0 0 0
48 42 49 0 0 0
47 42 50 0 0 0
37 42 55 0 0 0
39 42 55 0 0 0
39 43 32 0 0 0
40 43 32 0 0 0
38 43 32 0 0 0
38 43 33 0 0 0
40 43 33 0 0 0
37 43 33 0 0 0
39 43 34 0 0 0
37 43 34 0 0 0
38 42 56 0 0 0
87 43 37 0 0 0
86 43 38 0 0 0
85 43 38 0 0 0
39 44 32 0 0 0
80 43 39 0 0 0
81 43 39 0 0 0
84 43 38 0 0 0
40 44 32 0 0 0
86 43 37 0 0 0
87 43 38 0 0 0
79 43 40 0 0 0
80 43 40 0 0 0
38 44 32 0 0 0
83 43 39 0 0 0
84 43 39 0 0 0
38 44 33 0 0 0
77 43 40 0 0 0
78 43 40 0 0 0
83 43 38 0 0 0
40 44 33 0 0 0
76 43 40 0 0 0
82 43 39 0 0 0
37 44 33 0 0 0
42 43 38 0 0 0
31 43 57 0 0 0
30 43 57 0 0 0
43 43 38 0 0 0
75 43 41 0 0 0
76 43 41 0 0 0
77 43 41 0 0 0
75 43 42 0 0 0
42 43 39 0 0 0
43 43 39 0 0 0
44 43 39 0 0 0
25 43 58 0 0 0
26 43 58 0 0 0
74 43 42 0 0 0
39 44 34 0 0 0
87 44 37 0 0 0
24 43 58 0 0 0
73 43 42 0 0 0
85 44 38 0 0 0
86 44 38 0 0 0
86 44 37 0 0 0
35 43 56 0 0 0
36 43 55 0 0 0
72 43 42 0 0 0
36 43 56 0 0 0
81 44 39 0 0 0
87 44 38 0 0 0
80 44 39 0 0 0
23 43 59 0 0 0
43 43 40 0 0 0
39 45 32 0 0 0
84 44 38 0 0 0
34 43 56 0 0 0
71 43 43 0 0 0
71 43 42 0 0 0
40 45 32 0 0 0
79 44 40 0 0 0
80 44 40 0 0 0
72 43 43 0 0 0
33 43 56 0 0 0
38 45 32 0 0 0
83 44 38 0 0 0
43 43 41 0 0 0
44 43 40 0 0 0
44 43 41 0 0 0
77 44 40 0 0 0
78 44 40 0 0 0
32 43 56 0 0 0
83 44 39 0 0 0
76 44 40 0 0 0
82 44 39 0 0 0
38 45 33 0 0 0
40 45 33 0 0 0
45 43 41 0 0 0
32 43 57 0 0 0
37 45 33 0 0 0
76 44 41 0 0 0
77 44 41 0 0 0
45 43 42 0 0 0
75 44 41 0 0 0
39 45 34 0 0 0
44 43 42 0 0 0
75 44 42 0 0 0
30 44 57 0 0 0
31 44 57 0 0 0
74 44 42 0 0 0
70 43 43 0 0 0
26 44 58 0 0 0
25 44 58 0 0 0
73 44 42 0 0 0
69 43 43 0 0 0
44 43 43 0 0 0
45 43 43 0 0 0
24 44 58 0 0 0
68 43 43 0 0 0
72 44 42 0 0 0
65 43 44 0 0 0
66 43 44 0 0 0
68 43 44 0 0 0
46 43 45 0 0 0
67 43 44 0 0 0
71 44 43 0 0 0
72 44 43 0 0 0
64 43 45 0 0 0
65 43 45 0 0 0
35 44 56 0 0 0
36 44 56 0 0 0
46 43 46 0 0 0
42 44 38 0 0 0
34 44 56 0 0 0
45 43 44 0 0 0
63 43 45 0 0 0
43 44 38 0 0 0
36 44 55 0 0 0
61 43 46 0 0 0
60 43 46 0 0 0
33 44 56 0 0 0
42 44 39 0 0 0
43 44 39 0 0 0
44 44 39 0 0 0
31 45 57 0 0 0
30 45 57 0 0 0
62 43 45 0 0 0
59 43 46 0 0 0
32 44 56 0 0 0
62 43 46 0 0 0
59 43 47 0 0 0
25 45 58 0 0 0
26 45 58 0 0 0
32 44 57 0 0 0
58 43 47 0 0 0
56 43 47 0 0 0
24 45 58 0 0 0
55 43 47 0 0 0
55 43 48 0 0 0
45 43 45 0 0 0
46 43 48 0 0 0
41 44 39 0 0 0
57 43 47 0 0 0
43 44 40 0 0 0
47 43 48 0 0 0
85 45 38 0 0 0
86 45 38 0 0 0
54 43 48 0 0 0
80 45 39 0 0 0
81 45 39 0 0 0
84 45 38 0 0 0
87 45 37 0 0 0
53 43 48 0 0 0
79 45 40 0 0 0
79 45 39 0 0 0
88 45 37 0 0 0
35 45 56 0 0 0
36 45 55 0 0 0
36 45 56 0 0 0
83 45 38 0 0 0
52 43 48 0 0 0
79 44 39 0 0 0
43 44 41 0 0 0
44 44 40 0 0 0
44 44 41 0 0 0
86 45 37 0 0 0
77 45 40 0 0 0
78 45 40 0 0 0
34 45 56 0 0 0
76 45 40 0 0 0
47 43 49 0 0 0
51 43 49 0 0 0
82 45 39 0 0 0
83 45 39 0 0 0
87 45 38 0 0 0
45 44 41 0 0 0
70 44 43 0 0 0
46 43 49 0 0 0
50 43 49 0 0 0
46 43 47 0 0 0
69 44 43 0 0 0
51 43 48 0 0 0
33 45 56 0 0 0
49 43 49 0 0 0
76 45 41 0 0 0
32 45 56 0 0 0
39 46 32 0 0 0
68 44 43 0 0 0
32 45 57 0 0 0
38 46 32 0 0 0
40 46 32 0 0 0
48 43 49 0 0 0
75 45 41 0 0 0
68 44 44 0 0 0
77 45 41 0 0 0
45 44 42 0 0 0
67 44 44 0 0 0
75 45 42 0 0 0
44 44 42 0 0 0
47 43 50 0 0 0
74 45 42 0 0 0
38 46 33 0 0 0
40 46 33 0 0 0
46 43 50 0 0 0
66 44 44 0 0 0
73 45 42 0 0 0
37 46 33 0 0 0
65 44 44 0 0 0
72 45 42 0 0 0
44 44 43 0 0 0
45 44 43 0 0 0
46 44 45 0 0 0
64 44 45 0 0 0
65 44 45 0 0 0
48 43 50 0 0 0
39 46 34 0 0 0
71 45 43 0 0 0
46 44 46 0 0 0
38 43 55 0 0 0
39 43 55 0 0 0
37 43 55 0 0 0
60 44 46 0 0 0
61 44 46 0 0 0
63 44 45 0 0 0
45 44 44 0 0 0
42 45 38 0 0 0
39 43 54 0 0 0
59 44 46 0 0 0
38 43 54 0 0 0
62 44 45 0 0 0
43 45 38 0 0 0
62 44 46 0 0 0
58 44 47 0 0 0
59 44 47 0 0 0
43 45 39 0 0 0
55 44 47 0 0 0
56 44 47 0 0 0
42 45 39 0 0 0
44 45 39 0 0 0
55 44 48 0 0 0
57 44 47 0 0 0
54 44 48 0 0 0
41 45 39 0 0 0
46 44 48 0 0 0
53 44 48 0 0 0
45 44 45 0 0 0
52 44 48 0 0 0
47 44 48 0 0 0
43 45 40 0 0 0
70 45 43 0 0 0
51 44 49 0 0 0
69 45 43 0 0 0
31 46 57 0 0 0
51 44 48 0 0 0
30 46 57 0 0 0
68 45 43 0 0 0
47 44 49 0 0 0
44 45 41 0 0 0
25 46 58 0 0 0
46 44 47 0 0 0
43 45 41 0 0 0
44 45 40 0 0 0
50 44 49 0 0 0
68 45 44 0 0 0
46 44 49 0 0 0
67 45 44 0 0 0
24 46 58 0 0 0
26 46 58 0 0 0
49 44 49 0 0 0
45 45 41 0 0 0
48 44 49 0 0 0
38 44 55 0 0 0
38 44 54 0 0 0
39 44 55 0 0 0
66 45 44 0 0 0
39 44 54 0 0 0
47 44 50 0 0 0
48 44 50 0 0 0
37 44 55 0 0 0
45 45 42 0 0 0
46 44 50 0 0 0
35 46 56 0 0 0
36 46 56 0 0 0
44 45 42 0 0 0
34 46 56 0 0 0
33 46 56 0 0 0
44 45 43 0 0 0
45 45 43 0 0 0
46 45 45 0 0 0
32 46 56 0 0 0
46 45 46 0 0 0
32 46 57 0 0 0
45 45 44 0 0 0
65 45 44 0 0 0
65 45 45 0 0 0
60 45 46 0 0 0
61 45 46 0 0 0
64 45 45 0 0 0
38 45 54 0 0 0
39 45 54 0 0 0
87 46 37 0 0 0
88 46 37 0 0 0
86 46 38 0 0 0
63 45 45 0 0 0
59 45 46 0 0 0
85 46 38 0 0 0
55 45 47 0 0 0
56 45 47 0 0 0
38 45 55 0 0 0
39 45 55 0 0 0
37 45 55 0 0 0
46 45 48 0 0 0
80 46 39 0 0 0
81 46 39 0 0 0
55 45 48 0 0 0
45 45 45 0 0 0
46 45 47 0 0 0
86 46 37 0 0 0
62 45 45 0 0 0
58 45 47 0 0 0
59 45 47 0 0 0
84 46 38 0 0 0
54 45 48 0 0 0
47 45 48 0 0 0
62 45 46 0 0 0
79 46 39 0 0 0
39 47 32 0 0 0
79 46 40 0 0 0
57 45 47 0 0 0
40 47 32 0 0 0
53 45 48 0 0 0
83 46 38 0 0 0
38 47 32 0 0 0
78 46 40 0 0 0
82 46 38 0 0 0
82 46 39 0 0 0
83 46 39 0 0 0
77 46 40 0 0 0
52 45 48 0 0 0
47 45 49 0 0 0
52 44 49 0 0 0
76 46 40 0 0 0
38 47 33 0 0 0
40 47 33 0 0 0
51 45 49 0 0 0
50 45 49 0 0 0
51 45 48 0 0 0
75 46 41 0 0 0
76 46 41 0 0 0
46 45 49 0 0 0
37 47 33 0 0 0
49 45 49 0 0 0
74 46 42 0 0 0
75 46 42 0 0 0
48 45 49 0 0 0
77 46 41 0 0 0
73 46 42 0 0 0
39 47 34 0 0 0
42 46 38 0 0 0
40 47 34 0 0 0
40 46 34 0 0 0
47 45 50 0 0 0
43 46 38 0 0 0
48 45 50 0 0 0
46 45 50 0 0 0
52 45 49 0 0 0
72 46 42 0 0 0
71 46 43 0 0 0
25 47 48 0 0 0
71 45 42 0 0 0
71 46 42 0 0 0
42 46 39 0 0 0
43 46 39 0 0 0
44 46 39 0 0 0
25 47 49 0 0 0
41 46 39 0 0 0
25 47 50 0 0 0
43 46 40 0 0 0
25 47 51 0 0 0
26 47 52 0 0 0
26 46 53 0 0 0
26 47 53 0 0 0
26 47 51 0 0 0
44 46 40 0 0 0
44 46 41 0 0 0
70 46 43 0 0 0
69 46 43 0 0 0
45 46 41 0 0 0
26 46 54 0 0 0
27 46 56 0 0 0
81 47 39 0 0 0
68 46 43 0 0 0
80 47 39 0 0 0
87 47 37 0 0 0
68 46 44 0 0 0
79 47 39 0 0 0
86 47 37 0 0 0
26 47 54 0 0 0
88 47 37 0 0 0
67 46 44 0 0 0
85 47 38 0 0 0
85 47 37 0 0 0
45 46 42 0 0 0
78 46 39 0 0 0
84 47 38 0 0 0
44 46 42 0 0 0
78 47 39 0 0 0
66 46 44 0 0 0
78 47 40 0 0 0
75 47 41 0 0 0
76 47 41 0 0 0
77 47 40 0 0 0
38 46 54 0 0 0
39 46 54 0 0 0
83 47 38 0 0 0
74 47 42 0 0 0
75 47 42 0 0 0
26 46 55 0 0 0
38 46 55 0 0 0
39 46 55 0 0 0
76 47 40 0 0 0
82 47 38 0 0 0
39 48 32 0 0 0
44 46 43 0 0 0
45 46 43 0 0 0
35 47 56 0 0 0
36 47 55 0 0 0
36 47 56 0 0 0
37 46 55 0 0 0
73 47 42 0 0 0
27 47 55 0 0 0
82 47 39 0 0 0
40 48 32 0 0 0
38 48 32 0 0 0
34 47 56 0 0 0
72 47 42 0 0 0
27 46 55 0 0 0
33 47 56 0 0 0
77 47 41 0 0 0
38 48 33 0 0 0
40 48 33 0 0 0
36 46 55 0 0 0
71 47 43 0 0 0
72 47 43 0 0 0
26 46 56 0 0 0
45 46 44 0 0 0
26 47 55 0 0 0
32 47 56 0 0 0
37 48 33 0 0 0
31 47 57 0 0 0
32 47 57 0 0 0
65 46 44 0 0 0
65 46 45 0 0 0
64 46 45 0 0 0
39 48 34 0 0 0
46 46 45 0 0 0
26 46 57 0 0 0
46 46 46 0 0 0
27 47 56 0 0 0
63 46 45 0 0 0
45 46 45 0 0 0
60 46 46 0 0 0
61 46 46 0 0 0
25 48 48 0 0 0
62 46 45 0 0 0
25 48 49 0 0 0
59 46 46 0 0 0
62 46 46 0 0 0
46 46 47 0 0 0
58 46 47 0 0 0
59 46 47 0 0 0
30 47 57 0 0 0
57 46 47 0 0 0
86 48 38 0 0 0
46 46 48 0 0 0
25 48 50 0 0 0
86 47 38 0 0 0
85 48 38 0 0 0
56 46 47 0 0 0
85 47 39 0 0 0
85 48 39 0 0 0
80 48 40 0 0 0
81 48 40 0 0 0
70 47 43 0 0 0
80 47 40 0 0 0
81 47 40 0 0 0
47 46 48 0 0 0
84 47 39 0 0 0
84 48 39 0 0 0
79 48 40 0 0 0
88 48 37 0 0 0
79 47 40 0 0 0
55 46 48 0 0 0
55 46 47 0 0 0
69 47 43 0 0 0
83 48 39 0 0 0
83 47 39 0 0 0
89 48 37 0 0 0
54 46 48 0 0 0
42 47 38 0 0 0
89 47 37 0 0 0
26 48 52 0 0 0
88 48 38 0 0 0
68 47 44 0 0 0
68 47 43 0 0 0
43 47 38 0 0 0
82 48 39 0 0 0
25 48 51 0 0 0
47 46 49 0 0 0
89 48 38 0 0 0
78 48 41 0 0 0
78 48 40 0 0 0
87 48 38 0 0 0
78 47 41 0 0 0
51 46 49 0 0 0
53 46 48 0 0 0
50 46 49 0 0 0
87 47 38 0 0 0
88 47 38 0 0 0
77 48 41 0 0 0
81 48 39 0 0 0
67 47 44 0 0 0
46 46 49 0 0 0
41 47 39 0 0 0
43 47 39 0 0 0
52 46 48 0 0 0
49 46 49 0 0 0
76 48 41 0 0 0
39 49 32 0 0 0
26 48 51 0 0 0
52 46 49 0 0 0
75 48 41 0 0 0
44 47 39 0 0 0
40 49 32 0 0 0
75 48 42 0 0 0
48 46 49 0 0 0
66 47 44 0 0 0
74 48 42 0 0 0
38 49 32 0 0 0
26 48 53 0 0 0
47 46 50 0 0 0
48 46 50 0 0 0
38 49 33 0 0 0
46 46 50 0 0 0
40 49 33 0 0 0
73 48 42 0 0 0
72 48 42 0 0 0
37 49 33 0 0 0
72 48 43 0 0 0
26 48 54 0 0 0
71 48 43 0 0 0
43 47 41 0 0 0
43 47 40 0 0 0
44 47 40 0 0 0
44 47 41 0 0 0
61 47 43 0 0 0
36 48 56 0 0 0
35 48 56 0 0 0
40 49 34 0 0 0
39 49 34 0 0 0
62 47 43 0 0 0
34 48 56 0 0 0
25 49 48 0 0 0
45 47 41 0 0 0
25 49 49 0 0 0
33 48 56 0 0 0
63 47 43 0 0 0
32 48 56 0 0 0
26 48 55 0 0 0
27 48 55 0 0 0
61 47 44 0 0 0
62 47 44 0 0 0
63 47 44 0 0 0
65 47 44 0 0 0
65 47 45 0 0 0
56 47 42 0 0 0
45 47 42 0 0 0
64 47 45 0 0 0
31 48 57 0 0 0
32 48 57 0 0 0
44 47 42 0 0 0
57 47 42 0 0 0
58 47 42 0 0 0
53 47 42 0 0 0
54 47 42 0 0 0
63 47 45 0 0 0
56 47 43 0 0 0
57 47 43 0 0 0
58 47 43 0 0 0
59 47 43 0 0 0
25 49 50 0 0 0
27 48 56 0 0 0
60 47 43 0 0 0
39 47 54 0 0 0
55 47 42 0 0 0
38 47 54 0 0 0
62 47 45 0 0 0
62 47 46 0 0 0
26 49 52 0 0 0
44 47 43 0 0 0
45 47 43 0 0 0
38 47 55 0 0 0
37 47 55 0 0 0
61 47 46 0 0 0
59 47 44 0 0 0
60 47 44 0 0 0
70 48 43 0 0 0
55 47 43 0 0 0
25 49 51 0 0 0
45 47 44 0 0 0
30 48 57 0 0 0
69 48 43 0 0 0
26 49 53 0 0 0
26 49 51 0 0 0
68 48 43 0 0 0
60 47 46 0 0 0
68 48 44 0 0 0
69 48 44 0 0 0
46 47 46 0 0 0
59 47 46 0 0 0
67 48 44 0 0 0
42 48 38 0 0 0
26 49 54 0 0 0
43 48 38 0 0 0
58 47 47 0 0 0
59 47 47 0 0 0
41 47 38 0 0 0
45 47 45 0 0 0
66 48 44 0 0 0
46 47 45 0 0 0
41 48 38 0 0 0
57 47 47 0 0 0
88 49 37 0 0 0
89 49 37 0 0 0
41 48 39 0 0 0
43 48 39 0 0 0
56 47 47 0 0 0
88 49 38 0 0 0
89 49 38 0 0 0
46 47 47 0 0 0
85 49 38 0 0 0
86 49 38 0 0 0
55 47 47 0 0 0
87 49 38 0 0 0
55 47 48 0 0 0
85 49 39 0 0 0
84 49 39 0 0 0
61 48 42 0 0 0
61 47 42 0 0 0
62 48 42 0 0 0
81 49 40 0 0 0
54 47 48 0 0 0
80 49 40 0 0 0
35 49 56 0 0 0
26 49 55 0 0 0
36 49 56 0 0 0
27 49 54 0 0 0
62 47 42 0 0 0
46 47 48 0 0 0
62 48 43 0 0 0
27 49 55 0 0 0
83 49 39 0 0 0
53 47 48 0 0 0
79 49 40 0 0 0
34 49 56 0 0 0
63 48 43 0 0 0
47 47 48 0 0 0
82 49 39 0 0 0
52 47 48 0 0 0
33 49 56 0 0 0
52 47 49 0 0 0
78 49 41 0 0 0
78 49 40 0 0 0
32 49 56 0 0 0
43 48 40 0 0 0
43 48 41 0 0 0
44 48 40 0 0 0
44 48 41 0 0 0
27 49 56 0 0 0
51 47 49 0 0 0
56 48 42 0 0 0
82 48 40 0 0 0
47 47 49 0 0 0
81 49 39 0 0 0
77 49 41 0 0 0
56 48 41 0 0 0
63 48 44 0 0 0
31 49 57 0 0 0
32 49 57 0 0 0
45 48 41 0 0 0
57 48 42 0 0 0
50 47 49 0 0 0
76 49 41 0 0 0
58 48 42 0 0 0
49 47 49 0 0 0
54 47 41 0 0 0
53 47 41 0 0 0
53 48 41 0 0 0
54 48 41 0 0 0
55 48 41 0 0 0
59 48 42 0 0 0
27 49 57 0 0 0
75 49 41 0 0 0
59 47 42 0 0 0
75 49 42 0 0 0
60 48 42 0 0 0
46 47 49 0 0 0
65 48 45 0 0 0
55 47 41 0 0 0
60 47 42 0 0 0
45 48 42 0 0 0
48 47 49 0 0 0
39 50 32 0 0 0
64 48 45 0 0 0
44 48 42 0 0 0
53 48 42 0 0 0
55 48 42 0 0 0
74 49 42 0 0 0
47 47 50 0 0 0
48 47 50 0 0 0
40 50 32 0 0 0
30 49 57 0 0 0
63 48 45 0 0 0
73 49 42 0 0 0
38 50 32 0 0 0
46 47 50 0 0 0
38 50 33 0 0 0
39 48 54 0 0 0
72 49 42 0 0 0
40 50 33 0 0 0
54 47 43 0 0 0
25 50 48 0 0 0
38 48 54 0 0 0
53 47 43 0 0 0
25 50 49 0 0 0
71 49 43 0 0 0
72 49 43 0 0 0
53 48 43 0 0 0
44 48 43 0 0 0
45 48 43 0 0 0
37 48 55 0 0 0
38 48 55 0 0 0
37 50 33 0 0 0
42 49 38 0 0 0
45 48 44 0 0 0
40 50 34 0 0 0
43 49 38 0 0 0
36 48 55 0 0 0
25 50 50 0 0 0
41 49 38 0 0 0
46 48 46 0 0 0
41 49 39 0 0 0
43 49 39 0 0 0
25 50 51 0 0 0
45 47 46 0 0 0
45 48 45 0 0 0
45 48 46 0 0 0
46 48 47 0 0 0
26 50 51 0 0 0
70 49 43 0 0 0
69 49 43 0 0 0
26 50 52 0 0 0
55 48 48 0 0 0
43 49 41 0 0 0
43 49 40 0 0 0
44 49 40 0 0 0
44 49 41 0 0 0
80 50 40 0 0 0
81 50 40 0 0 0
46 48 48 0 0 0
69 49 44 0 0 0
54 48 48 0 0 0
68 49 44 0 0 0
79 50 40 0 0 0
47 48 48 0 0 0
89 50 37 0 0 0
45 49 41 0 0 0
53 48 48 0 0 0
85 50 38 0 0 0
88 50 37 0 0 0
67 49 44 0 0 0
86 50 38 0 0 0
88 50 38 0 0 0
89 50 38 0 0 0
78 50 40 0 0 0
26 50 53 0 0 0
52 48 48 0 0 0
84 50 39 0 0 0
78 50 41 0 0 0
47 48 49 0 0 0
87 50 38 0 0 0
66 49 44 0 0 0
52 48 49 0 0 0
85 50 39 0 0 0
45 49 42 0 0 0
51 48 49 0 0 0
77 50 41 0 0 0
44 49 42 0 0 0
50 48 49 0 0 0
83 50 39 0 0 0
49 48 49 0 0 0
39 49 54 0 0 0
76 50 41 0 0 0
82 50 39 0 0 0
26 50 54 0 0 0
48 48 49 0 0 0
38 49 54 0 0 0
48 48 50 0 0 0
75 50 41 0 0 0
81 50 39 0 0 0
47 48 50 0 0 0
61 49 42 0 0 0
44 49 43 0 0 0
45 49 43 0 0 0
62 49 42 0 0 0
74 50 42 0 0 0
75 50 42 0 0 0
37 49 55 0 0 0
38 49 55 0 0 0
62 49 43 0 0 0
39 51 32 0 0 0
63 49 43 0 0 0
73 50 42 0 0 0
40 51 32 0 0 0
36 50 56 0 0 0
56 49 41 0 0 0
35 50 56 0 0 0
27 50 55 0 0 0
38 51 32 0 0 0
45 49 44 0 0 0
56 49 42 0 0 0
26 50 55 0 0 0
57 49 42 0 0 0
34 50 56 0 0 0
46 48 50 0 0 0
38 51 33 0 0 0
72 50 42 0 0 0
36 49 55 0 0 0
40 51 33 0 0 0
71 50 43 0 0 0
72 50 43 0 0 0
63 49 44 0 0 0
58 49 42 0 0 0
33 50 56 0 0 0
37 51 33 0 0 0
59 49 42 0 0 0
60 49 42 0 0 0
32 50 56 0 0 0
27 50 56 0 0 0
32 50 57 0 0 0
53 49 41 0 0 0
54 49 41 0 0 0
31 50 57 0 0 0
55 49 41 0 0 0
40 51 34 0 0 0
66 48 45 0 0 0
39 50 34 0 0 0
65 49 45 0 0 0
66 49 45 0 0 0
45 49 46 0 0 0
45 49 45 0 0 0
53 49 42 0 0 0
46 49 46 0 0 0
64 49 45 0 0 0
25 51 48 0 0 0
30 50 57 0 0 0
25 51 49 0 0 0
63 49 45 0 0 0
46 49 47 0 0 0
53 49 43 0 0 0
46 49 48 0 0 0
80 51 40 0 0 0
81 51 40 0 0 0
26 51 51 0 0 0
70 50 43 0 0 0
25 51 50 0 0 0
26 51 52 0 0 0
84 50 34 0 0 0
84 51 34 0 0 0
85 50 34 0 0 0
79 51 40 0 0 0
69 50 43 0 0 0
85 50 35 0 0 0
42 50 38 0 0 0
78 51 40 0 0 0
68 50 44 0 0 0
69 50 44 0 0 0
78 51 41 0 0 0
88 51 37 0 0 0
43 50 38 0 0 0
89 51 37 0 0 0
77 51 41 0 0 0
67 50 44 0 0 0
25 51 51 0 0 0
47 49 48 0 0 0
89 51 38 0 0 0
41 50 38 0 0 0
88 51 38 0 0 0
87 51 38 0 0 0
26 51 53 0 0 0
47 49 49 0 0 0
41 50 39 0 0 0
43 50 39 0 0 0
66 50 44 0 0 0
76 51 41 0 0 0
86 51 38 0 0 0
85 51 38 0 0 0
50 49 49 0 0 0
51 49 49 0 0 0
75 51 41 0 0 0
84 51 39 0 0 0
84 50 38 0 0 0
75 51 42 0 0 0
84 51 38 0 0 0
49 49 49 0 0 0
74 51 42 0 0 0
26 51 54 0 0 0
48 49 49 0 0 0
83 51 39 0 0 0
54 49 48 0 0 0
55 49 48 0 0 0
48 49 50 0 0 0
82 51 39 0 0 0
73 51 42 0 0 0
39 52 32 0 0 0
61 50 42 0 0 0
62 50 42 0 0 0
43 50 40 0 0 0
47 49 50 0 0 0
40 52 32 0 0 0
62 50 43 0 0 0
53 49 48 0 0 0
72 51 42 0 0 0
38 52 32 0 0 0
56 50 42 0 0 0
52 49 48 0 0 0
44 50 41 0 0 0
81 51 39 0 0 0
43 50 41 0 0 0
38 52 33 0 0 0
52 49 49 0 0 0
57 50 42 0 0 0
63 50 43 0 0 0
71 51 43 0 0 0
72 51 43 0 0 0
35 51 56 0 0 0
36 51 56 0 0 0
40 52 33 0 0 0
58 50 42 0 0 0
26 51 55 0 0 0
27 51 55 0 0 0
34 51 56 0 0 0
59 50 42 0 0 0
45 50 41 0 0 0
60 50 42 0 0 0
63 50 44 0 0 0
37 52 33 0 0 0
39 50 54 0 0 0
33 51 56 0 0 0
38 50 54 0 0 0
32 51 56 0 0 0
54 50 41 0 0 0
53 50 41 0 0 0
55 50 41 0 0 0
45 50 42 0 0 0
32 51 57 0 0 0
44 50 42 0 0 0
39 51 34 0 0 0
55 50 42 0 0 0
40 52 34 0 0 0
27 51 56 0 0 0
38 50 55 0 0 0
31 51 57 0 0 0
53 50 42 0 0 0
39 52 34 0 0 0
37 50 55 0 0 0
65 50 45 0 0 0
66 50 45 0 0 0
25 52 48 0 0 0
25 52 49 0 0 0
64 50 45 0 0 0
44 50 43 0 0 0
36 50 55 0 0 0
45 50 43 0 0 0
70 51 43 0 0 0
63 50 45 0 0 0
30 51 57 0 0 0
53 50 43 0 0 0
69 51 43 0 0 0
45 50 44 0 0 0
26 52 51 0 0 0
68 51 44 0 0 0
69 51 44 0 0 0
25 52 50 0 0 0
84 52 34 0 0 0
26 52 52 0 0 0
85 52 34 0 0 0
67 51 44 0 0 0
80 52 40 0 0 0
81 52 40 0 0 0
46 50 46 0 0 0
85 51 34 0 0 0
42 51 38 0 0 0
79 52 40 0 0 0
66 51 44 0 0 0
43 51 38 0 0 0
25 52 51 0 0 0
41 51 38 0 0 0
46 50 47 0 0 0
26 52 53 0 0 0
45 50 46 0 0 0
86 52 38 0 0 0
78 52 41 0 0 0
78 52 40 0 0 0
85 52 38 0 0 0
41 51 39 0 0 0
43 51 39 0 0 0
77 52 41 0 0 0
61 51 42 0 0 0
62 51 42 0 0 0
84 52 39 0 0 0
84 52 38 0 0 0
62 51 43 0 0 0
26 52 54 0 0 0
46 50 48 0 0 0
76 52 41 0 0 0
89 52 37 0 0 0
88 52 37 0 0 0
47 50 48 0 0 0
83 52 39 0 0 0
63 51 43 0 0 0
87 52 38 0 0 0
88 52 38 0 0 0
43 51 40 0 0 0
82 52 39 0 0 0
75 52 42 0 0 0
75 52 41 0 0 0
54 50 48 0 0 0
47 50 49 0 0 0
74 52 42 0 0 0
81 52 39 0 0 0
50 50 49 0 0 0
51 50 49 0 0 0
43 51 41 0 0 0
44 51 41 0 0 0
63 51 44 0 0 0
53 50 48 0 0 0
44 51 40 0 0 0
56 51 42 0 0 0
27 52 55 0 0 0
57 51 42 0 0 0
52 50 48 0 0 0
49 50 49 0 0 0
73 52 42 0 0 0
52 50 49 0 0 0
58 51 42 0 0 0
46 49 49 0 0 0
45 51 41 0 0 0
53 51 41 0 0 0
54 51 41 0 0 0
55 51 41 0 0 0
35 52 56 0 0 0
36 52 56 0 0 0
26 52 55 0 0 0
72 52 42 0 0 0
59 51 42 0 0 0
49 49 50 0 0 0
55 51 42 0 0 0
47 50 50 0 0 0
48 50 50 0 0 0
49 50 50 0 0 0
53 51 42 0 0 0
60 51 42 0 0 0
65 51 45 0 0 0
39 53 32 0 0 0
34 52 56 0 0 0
71 52 43 0 0 0
72 52 43 0 0 0
65 50 44 0 0 0
40 53 32 0 0 0
33 52 56 0 0 0
45 51 42 0 0 0
64 51 45 0 0 0
38 53 32 0 0 0
32 52 56 0 0 0
27 52 56 0 0 0
44 51 42 0 0 0
39 51 54 0 0 0
38 53 33 0 0 0
38 51 54 0 0 0
32 52 57 0 0 0
63 51 45 0 0 0
40 53 33 0 0 0
31 52 57 0 0 0
38 51 55 0 0 0
53 51 43 0 0 0
37 51 55 0 0 0
37 53 33 0 0 0
44 51 43 0 0 0
45 51 43 0 0 0
25 53 48 0 0 0
30 52 57 0 0 0
25 53 49 0 0 0
40 53 34 0 0 0
39 53 34 0 0 0
45 51 44 0 0 0
36 51 55 0 0 0
46 51 46 0 0 0
70 52 43 0 0 0
45 51 45 0 0 0
46 51 47 0 0 0
25 53 50 0 0 0
69 52 43 0 0 0
42 52 38 0 0 0
81 53 40 0 0 0
43 52 38 0 0 0
69 52 44 0 0 0
85 53 38 0 0 0
86 53 38 0 0 0
80 53 40 0 0 0
41 52 38 0 0 0
89 53 37 0 0 0
68 52 44 0 0 0
45 51 46 0 0 0
84 53 39 0 0 0
89 52 38 0 0 0
26 53 51 0 0 0
67 52 44 0 0 0
85 53 39 0 0 0
79 53 40 0 0 0
88 53 37 0 0 0
41 52 39 0 0 0
43 52 39 0 0 0
46 51 48 0 0 0
88 53 38 0 0 0
85 52 39 0 0 0
47 51 48 0 0 0
66 52 44 0 0 0
78 53 41 0 0 0
83 53 39 0 0 0
87 53 38 0 0 0
26 53 52 0 0 0
54 51 48 0 0 0
47 51 49 0 0 0
77 53 41 0 0 0
82 53 39 0 0 0
53 51 48 0 0 0
50 51 49 0 0 0
51 51 49 0 0 0
61 52 42 0 0 0
43 52 40 0 0 0
62 52 42 0 0 0
76 53 41 0 0 0
82 53 40 0 0 0
52 51 49 0 0 0
52 51 48 0 0 0
49 51 49 0 0 0
26 53 53 0 0 0
62 52 43 0 0 0
46 50 49 0 0 0
63 52 43 0 0 0
47 51 50 0 0 0
48 51 50 0 0 0
49 51 50 0 0 0
75 53 41 0 0 0
43 52 41 0 0 0
44 52 40 0 0 0
44 52 41 0 0 0
75 53 42 0 0 0
46 51 50 0 0 0
74 53 42 0 0 0
54 52 41 0 0 0
53 52 41 0 0 0
56 51 41 0 0 0
46 50 50 0 0 0
55 52 41 0 0 0
73 53 42 0 0 0
45 52 41 0 0 0
56 52 41 0 0 0
56 52 42 0 0 0
26 53 54 0 0 0
63 52 44 0 0 0
57 52 42 0 0 0
53 52 42 0 0 0
72 53 42 0 0 0
27 52 54 0 0 0
58 52 42 0 0 0
39 52 54 0 0 0
66 51 45 0 0 0
72 53 43 0 0 0
44 52 42 0 0 0
45 52 42 0 0 0
59 52 42 0 0 0
71 53 43 0 0 0
60 52 42 0 0 0
38 52 54 0 0 0
27 53 54 0 0 0
65 52 45 0 0 0
65 52 44 0 0 0
35 53 56 0 0 0
36 53 56 0 0 0
38 52 55 0 0 0
27 53 55 0 0 0
39 54 32 0 0 0
64 52 45 0 0 0
53 52 43 0 0 0
37 52 55 0 0 0
34 53 56 0 0 0
38 54 32 0 0 0
40 54 32 0 0 0
63 52 45 0 0 0
38 54 33 0 0 0
33 53 56 0 0 0
44 52 43 0 0 0
45 52 43 0 0 0
40 54 33 0 0 0
32 53 56 0 0 0
27 53 56 0 0 0
46 52 46 0 0 0
36 52 55 0 0 0
45 52 44 0 0 0
31 53 57 0 0 0
32 53 57 0 0 0
37 54 33 0 0 0
40 54 34 0 0 0
46 52 47 0 0 0
30 53 57 0 0 0
39 54 34 0 0 0
70 53 43 0 0 0
25 54 48 0 0 0
69 53 43 0 0 0
45 52 45 0 0 0
25 54 49 0 0 0
85 54 38 0 0 0
86 54 38 0 0 0
69 53 44 0 0 0
42 53 38 0 0 0
68 53 44 0 0 0
85 54 39 0 0 0
43 53 38 0 0 0
64 53 40 0 0 0
84 54 39 0 0 0
45 52 46 0 0 0
41 53 38 0 0 0
89 54 37 0 0 0
46 52 48 0 0 0
90 53 37 0 0 0
80 54 40 0 0 0
81 54 40 0 0 0
67 53 44 0 0 0
47 52 48 0 0 0
90 54 37 0 0 0
63 53 40 0 0 0
47 52 49 0 0 0
83 54 39 0 0 0
89 53 38 0 0 0
66 53 44 0 0 0
79 54 40 0 0 0
41 53 39 0 0 0
43 53 39 0 0 0
54 52 48 0 0 0
88 54 38 0 0 0
25 54 50 0 0 0
79 53 41 0 0 0
26 54 51 0 0 0
63 53 41 0 0 0
64 53 41 0 0 0
82 54 39 0 0 0
87 54 38 0 0 0
78 54 41 0 0 0
79 54 41 0 0 0
50 52 49 0 0 0
51 52 49 0 0 0
26 54 52 0 0 0
53 52 48 0 0 0
26 53 50 0 0 0
82 54 40 0 0 0
49 52 49 0 0 0
77 54 41 0 0 0
25 53 51 0 0 0
62 53 42 0 0 0
52 52 49 0 0 0
52 52 48 0 0 0
43 53 40 0 0 0
26 54 50 0 0 0
48 52 50 0 0 0
49 52 50 0 0 0
63 52 42 0 0 0
47 52 50 0 0 0
61 53 42 0 0 0
76 54 41 0 0 0
26 54 53 0 0 0
43 53 41 0 0 0
44 53 40 0 0 0
44 53 41 0 0 0
75 54 41 0 0 0
63 53 42 0 0 0
63 53 43 0 0 0
75 54 42 0 0 0
54 53 41 0 0 0
74 54 42 0 0 0
53 53 41 0 0 0
55 53 41 0 0 0
45 53 41 0 0 0
56 53 41 0 0 0
57 52 41 0 0 0
57 53 41 0 0 0
73 54 42 0 0 0
26 54 54 0 0 0
58 53 41 0 0 0
66 52 45 0 0 0
45 53 42 0 0 0
44 53 42 0 0 0
58 53 42 0 0 0
59 53 42 0 0 0
53 53 42 0 0 0
72 54 42 0 0 0
60 53 42 0 0 0
72 54 43 0 0 0
64 54 35 0 0 0
71 54 43 0 0 0
39 53 54 0 0 0
65 54 35 0 0 0
64 54 36 0 0 0
76 54 31 0 0 0
78 54 30 0 0 0
65 53 45 0 0 0
66 53 45 0 0 0
75 54 31 0 0 0
76 54 30 0 0 0
26 53 55 0 0 0
77 54 30 0 0 0
78 55 30 0 0 0
27 54 54 0 0 0
38 53 54 0 0 0
65 54 36 0 0 0
64 53 36 0 0 0
81 54 32 0 0 0
75 55 31 0 0 0
26 54 55 0 0 0
27 54 55 0 0 0
53 53 43 0 0 0
74 54 31 0 0 0
79 54 30 0 0 0
64 53 45 0 0 0
45 53 43 0 0 0
46 53 46 0 0 0
77 55 30 0 0 0
64 53 37 0 0 0
65 53 36 0 0 0
38 53 55 0 0 0
44 53 43 0 0 0
38 55 32 0 0 0
40 55 32 0 0 0
35 54 56 0 0 0
36 54 56 0 0 0
74 55 31 0 0 0
37 53 55 0 0 0
76 55 30 0 0 0
65 53 37 0 0 0
77 54 31 0 0 0
78 54 31 0 0 0
79 54 31 0 0 0
73 54 31 0 0 0
82 54 32 0 0 0
54 54 34 0 0 0
38 55 33 0 0 0
34 54 56 0 0 0
64 54 37 0 0 0
65 54 37 0 0 0
45 53 44 0 0 0
86 54 35 0 0 0
73 55 31 0 0 0
33 54 56 0 0 0
64 53 38 0 0 0
80 54 31 0 0 0
81 54 34 0 0 0
72 54 31 0 0 0
53 54 34 0 0 0
54 53 34 0 0 0
54 53 35 0 0 0
73 54 32 0 0 0
74 54 32 0 0 0
75 54 32 0 0 0
76 54 32 0 0 0
27 54 56 0 0 0
84 54 34 0 0 0
72 54 32 0 0 0
25 55 48 0 0 0
46 53 47 0 0 0
81 54 33 0 0 0
82 54 33 0 0 0
53 53 34 0 0 0
32 54 56 0 0 0
85 54 34 0 0 0
53 53 35 0 0 0
87 54 35 0 0 0
25 55 49 0 0 0
83 54 33 0 0 0
64 53 39 0 0 0
81 54 31 0 0 0
71 54 32 0 0 0
72 55 32 0 0 0
83 54 34 0 0 0
87 54 36 0 0 0
65 53 38 0 0 0
36 53 55 0 0 0
77 54 32 0 0 0
78 54 32 0 0 0
79 54 32 0 0 0
80 54 32 0 0 0
86 54 36 0 0 0
53 54 35 0 0 0
31 54 57 0 0 0
32 54 57 0 0 0
54 54 35 0 0 0
53 53 36 0 0 0
54 53 36 0 0 0
84 54 33 0 0 0
42 54 38 0 0 0
84 54 35 0 0 0
88 54 36 0 0 0
89 54 38 0 0 0
43 54 38 0 0 0
83 54 35 0 0 0
85 54 35 0 0 0
70 54 43 0 0 0
64 54 38 0 0 0
70 54 32 0 0 0
82 54 34 0 0 0
88 54 37 0 0 0
30 54 57 0 0 0
71 54 33 0 0 0
72 54 33 0 0 0
73 54 33 0 0 0
74 54 33 0 0 0
75 54 33 0 0 0
76 54 33 0 0 0
79 54 35 0 0 0
81 54 35 0 0 0
41 54 38 0 0 0
46 53 48 0 0 0
87 54 37 0 0 0
86 54 37 0 0 0
82 54 35 0 0 0
63 53 39 0 0 0
53 53 37 0 0 0
54 53 37 0 0 0
65 53 39 0 0 0
69 54 43 0 0 0
45 53 46 0 0 0
69 54 32 0 0 0
70 55 32 0 0 0
47 53 48 0 0 0
69 54 33 0 0 0
70 54 33 0 0 0
25 55 50 0 0 0
69 54 44 0 0 0
77 54 33 0 0 0
78 54 33 0 0 0
79 54 33 0 0 0
80 54 33 0 0 0
69 55 32 0 0 0
47 53 49 0 0 0
53 54 36 0 0 0
54 54 36 0 0 0
41 54 39 0 0 0
43 54 39 0 0 0
68 54 44 0 0 0
81 54 36 0 0 0
82 54 36 0 0 0
83 54 36 0 0 0
84 54 36 0 0 0
85 54 36 0 0 0
68 54 33 0 0 0
78 54 36 0 0 0
79 54 36 0 0 0
53 53 38 0 0 0
71 54 34 0 0 0
72 54 34 0 0 0
73 54 34 0 0 0
74 54 34 0 0 0
75 54 34 0 0 0
76 54 34 0 0 0
80 54 36 0 0 0
67 54 44 0 0 0
50 53 49 0 0 0
51 53 49 0 0 0
53 54 37 0 0 0
68 54 34 0 0 0
69 54 34 0 0 0
70 54 34 0 0 0
49 53 49 0 0 0
54 53 48 0 0 0
77 54 34 0 0 0
78 54 34 0 0 0
79 54 34 0 0 0
80 54 34 0 0 0
54 53 38 0 0 0
66 54 44 0 0 0
77 54 36 0 0 0
43 54 40 0 0 0
78 54 37 0 0 0
79 54 37 0 0 0
80 54 37 0 0 0
81 54 37 0 0 0
82 54 37 0 0 0
83 54 37 0 0 0
84 54 37 0 0 0
85 54 37 0 0 0
68 55 34 0 0 0
48 53 50 0 0 0
49 53 50 0 0 0
74 54 37 0 0 0
77 54 37 0 0 0
47 53 50 0 0 0
75 54 37 0 0 0
53 53 48 0 0 0
53 53 39 0 0 0
74 54 38 0 0 0
75 54 38 0 0 0
76 54 37 0 0 0
71 54 35 0 0 0
72 54 35 0 0 0
73 54 35 0 0 0
74 54 35 0 0 0
75 54 35 0 0 0
76 54 35 0 0 0
52 53 49 0 0 0
52 53 48 0 0 0
43 54 41 0 0 0
44 54 41 0 0 0
73 54 38 0 0 0
69 54 35 0 0 0
70 54 35 0 0 0
61 54 41 0 0 0
62 54 41 0 0 0
62 54 42 0 0 0
54 53 39 0 0 0
61 53 41 0 0 0
64 53 42 0 0 0
77 54 35 0 0 0
78 54 35 0 0 0
80 54 35 0 0 0
76 54 38 0 0 0
61 54 42 0 0 0
77 54 38 0 0 0
78 54 38 0 0 0
79 54 38 0 0 0
80 54 38 0 0 0
81 54 38 0 0 0
56 54 41 0 0 0
69 55 35 0 0 0
72 54 38 0 0 0
84 54 38 0 0 0
82 54 38 0 0 0
83 54 38 0 0 0
45 54 41 0 0 0
57 54 41 0 0 0
71 54 39 0 0 0
72 54 39 0 0 0
73 54 39 0 0 0
74 54 39 0 0 0
75 54 39 0 0 0
76 54 39 0 0 0
71 54 36 0 0 0
72 54 36 0 0 0
73 54 36 0 0 0
74 54 36 0 0 0
75 54 36 0 0 0
76 54 36 0 0 0
63 54 42 0 0 0
58 54 41 0 0 0
26 55 54 0 0 0
53 53 40 0 0 0
59 53 41 0 0 0
54 55 31 0 0 0
64 54 42 0 0 0
59 54 41 0 0 0
60 53 41 0 0 0
54 54 32 0 0 0
54 55 32 0 0 0
45 54 42 0 0 0
44 54 42 0 0 0
69 54 36 0 0 0
70 54 36 0 0 0
60 54 41 0 0 0
52 53 39 0 0 0
65 55 33 0 0 0
55 54 32 0 0 0
77 54 39 0 0 0
78 54 39 0 0 0
79 54 39 0 0 0
80 54 39 0 0 0
52 53 40 0 0 0
64 54 33 0 0 0
65 54 33 0 0 0
65 54 34 0 0 0
64 55 33 0 0 0
64 54 43 0 0 0
54 54 33 0 0 0
55 55 32 0 0 0
81 54 39 0 0 0
53 54 40 0 0 0
64 54 34 0 0 0
27 55 54 0 0 0
71 54 37 0 0 0
72 54 37 0 0 0
73 54 37 0 0 0
64 53 43 0 0 0
39 55 32 0 0 0
52 54 40 0 0 0
54 54 40 0 0 0
72 54 40 0 0 0
73 54 40 0 0 0
74 54 40 0 0 0
75 54 40 0 0 0
76 54 40 0 0 0
64 55 34 0 0 0
65 55 34 0 0 0
71 54 40 0 0 0
52 54 41 0 0 0
53 54 41 0 0 0
55 54 40 0 0 0
55 54 41 0 0 0
76 55 31 0 0 0
55 54 33 0 0 0
78 54 40 0 0 0
69 54 37 0 0 0
70 54 37 0 0 0
54 53 40 0 0 0
70 54 39 0 0 0
79 55 30 0 0 0
63 54 43 0 0 0
54 55 33 0 0 0
55 55 33 0 0 0
79 56 30 0 0 0
27 55 55 0 0 0
40 55 33 0 0 0
44 54 43 0 0 0
45 54 43 0 0 0
53 54 33 0 0 0
52 53 41 0 0 0
70 54 40 0 0 0
75 56 31 0 0 0
77 54 40 0 0 0
77 56 30 0 0 0
78 56 30 0 0 0
39 54 54 0 0 0
76 56 30 0 0 0
45 54 44 0 0 0
74 54 41 0 0 0
71 54 41 0 0 0
72 54 41 0 0 0
73 54 41 0 0 0
76 54 42 0 0 0
55 54 34 0 0 0
74 56 31 0 0 0
46 54 46 0 0 0
76 56 31 0 0 0
37 55 33 0 0 0
71 54 38 0 0 0
35 55 56 0 0 0
72 55 31 0 0 0
69 54 38 0 0 0
70 54 38 0 0 0
65 55 35 0 0 0
66 54 35 0 0 0
38 54 54 0 0 0
70 54 41 0 0 0
73 56 31 0 0 0
25 56 48 0 0 0
40 55 34 0 0 0
71 54 42 0 0 0
65 54 45 0 0 0
69 55 37 0 0 0
73 56 32 0 0 0
71 55 32 0 0 0
25 56 49 0 0 0
34 55 56 0 0 0
64 54 45 0 0 0
38 54 55 0 0 0
39 55 34 0 0 0
72 56 32 0 0 0
33 55 56 0 0 0
46 54 47 0 0 0
37 54 55 0 0 0
45 53 45 0 0 0
53 54 43 0 0 0
45 54 45 0 0 0
71 56 32 0 0 0
32 55 57 0 0 0
73 54 43 0 0 0
31 55 57 0 0 0
36 54 55 0 0 0
26 55 51 0 0 0
45 54 46 0 0 0
46 54 48 0 0 0
69 55 33 0 0 0
70 56 32 0 0 0
47 54 48 0 0 0
68 55 33 0 0 0
26 55 52 0 0 0
25 56 50 0 0 0
69 56 33 0 0 0
47 54 49 0 0 0
25 55 51 0 0 0
26 55 50 0 0 0
26 56 50 0 0 0
51 54 49 0 0 0
44 54 40 0 0 0
50 54 49 0 0 0
26 56 52 0 0 0
26 55 53 0 0 0
56 54 40 0 0 0
49 54 49 0 0 0
56 55 40 0 0 0
48 54 50 0 0 0
49 54 50 0 0 0
57 55 40 0 0 0
57 54 40 0 0 0
71 55 42 0 0 0
47 54 50 0 0 0
58 54 40 0 0 0
58 55 40 0 0 0
61 55 41 0 0 0
62 55 41 0 0 0
69 55 34 0 0 0
59 55 41 0 0 0
60 55 41 0 0 0
54 56 31 0 0 0
55 55 31 0 0 0
54 55 40 0 0 0
55 55 40 0 0 0
63 55 41 0 0 0
63 54 41 0 0 0
65 55 32 0 0 0
54 54 48 0 0 0
44 55 42 0 0 0
71 55 43 0 0 0
72 55 43 0 0 0
55 54 48 0 0 0
65 56 32 0 0 0
53 55 40 0 0 0
71 56 42 0 0 0
55 56 31 0 0 0
55 53 48 0 0 0
26 56 54 0 0 0
63 55 42 0 0 0
72 56 43 0 0 0
53 54 48 0 0 0
71 56 43 0 0 0
52 54 49 0 0 0
65 56 33 0 0 0
66 55 33 0 0 0
66 56 33 0 0 0
69 55 36 0 0 0
66 55 34 0 0 0
69 56 36 0 0 0
26 55 55 0 0 0
27 56 55 0 0 0
70 55 43 0 0 0
52 54 42 0 0 0
53 54 42 0 0 0
36 55 56 0 0 0
53 55 42 0 0 0
39 56 32 0 0 0
69 55 43 0 0 0
52 55 42 0 0 0
40 56 32 0 0 0
27 55 56 0 0 0
64 54 44 0 0 0
38 56 33 0 0 0
40 56 33 0 0 0
35 56 56 0 0 0
42 55 38 0 0 0
68 55 44 0 0 0
64 55 44 0 0 0
43 55 38 0 0 0
78 56 31 0 0 0
67 55 44 0 0 0
39 55 54 0 0 0
32 55 56 0 0 0
33 56 56 0 0 0
69 55 38 0 0 0
41 55 38 0 0 0
66 54 45 0 0 0
37 56 33 0 0 0
38 55 54 0 0 0
25 57 49 0 0 0
32 56 57 0 0 0
65 54 44 0 0 0
30 55 57 0 0 0
70 55 38 0 0 0
41 55 39 0 0 0
43 55 39 0 0 0
38 55 55 0 0 0
40 56 34 0 0 0
65 55 45 0 0 0
39 56 34 0 0 0
70 55 39 0 0 0
45 55 46 0 0 0
37 55 55 0 0 0
31 56 57 0 0 0
64 55 45 0 0 0
43 55 40 0 0 0
26 56 51 0 0 0
70 56 33 0 0 0
70 55 40 0 0 0
50 55 49 0 0 0
56 55 39 0 0 0
56 56 39 0 0 0
55 56 29 0 0 0
56 56 29 0 0 0
26 57 51 0 0 0
68 56 33 0 0 0
57 56 39 0 0 0
57 55 39 0 0 0
43 55 41 0 0 0
44 55 40 0 0 0
44 55 41 0 0 0
47 55 49 0 0 0
61 56 40 0 0 0
61 55 40 0 0 0
62 56 40 0 0 0
58 55 39 0 0 0
58 56 39 0 0 0
49 55 50 0 0 0
57 56 29 0 0 0
59 55 40 0 0 0
59 56 40 0 0 0
60 56 40 0 0 0
62 55 40 0 0 0
55 57 29 0 0 0
55 56 39 0 0 0
48 55 50 0 0 0
58 56 29 0 0 0
60 55 40 0 0 0
45 55 41 0 0 0
54 55 39 0 0 0
55 55 39 0 0 0
63 56 40 0 0 0
63 55 40 0 0 0
54 56 39 0 0 0
26 57 52 0 0 0
47 55 50 0 0 0
56 56 30 0 0 0
58 57 29 0 0 0
70 55 41 0 0 0
61 56 30 0 0 0
59 56 29 0 0 0
62 56 30 0 0 0
54 56 30 0 0 0
68 56 34 0 0 0
55 56 30 0 0 0
61 57 30 0 0 0
55 57 30 0 0 0
26 56 53 0 0 0
60 56 29 0 0 0
45 55 42 0 0 0
57 56 30 0 0 0
58 56 30 0 0 0
59 56 30 0 0 0
62 57 30 0 0 0
63 56 30 0 0 0
64 56 30 0 0 0
53 55 39 0 0 0
60 56 30 0 0 0
63 56 41 0 0 0
63 57 30 0 0 0
63 56 31 0 0 0
64 56 31 0 0 0
64 57 30 0 0 0
62 56 31 0 0 0
54 55 48 0 0 0
65 56 30 0 0 0
65 57 30 0 0 0
44 56 42 0 0 0
61 56 31 0 0 0
65 56 31 0 0 0
69 56 34 0 0 0
69 56 35 0 0 0
53 55 48 0 0 0
56 57 31 0 0 0
59 56 31 0 0 0
60 56 31 0 0 0
65 57 31 0 0 0
53 56 40 0 0 0
53 55 41 0 0 0
56 56 31 0 0 0
57 56 31 0 0 0
58 56 31 0 0 0
52 55 49 0 0 0
54 56 32 0 0 0
55 56 32 0 0 0
44 55 43 0 0 0
45 55 43 0 0 0
57 57 31 0 0 0
58 57 31 0 0 0
59 57 31 0 0 0
60 57 31 0 0 0
26 57 54 0 0 0
45 55 44 0 0 0
61 57 31 0 0 0
63 56 32 0 0 0
64 56 32 0 0 0
46 55 46 0 0 0
27 56 54 0 0 0
44 56 43 0 0 0
53 56 41 0 0 0
62 57 32 0 0 0
62 56 32 0 0 0
65 57 32 0 0 0
69 55 44 0 0 0
26 56 55 0 0 0
46 56 46 0 0 0
64 57 32 0 0 0
63 57 32 0 0 0
46 55 47 0 0 0
69 56 37 0 0 0
66 55 44 0 0 0
66 55 45 0 0 0
68 56 44 0 0 0
45 55 45 0 0 0
36 56 56 0 0 0
27 56 56 0 0 0
42 56 38 0 0 0
43 56 38 0 0 0
34 56 56 0 0 0
41 56 38 0 0 0
39 56 54 0 0 0
25 57 48 0 0 0
43 57 38 0 0 0
69 56 38 0 0 0
46 55 48 0 0 0
32 56 56 0 0 0
47 55 48 0 0 0
41 56 39 0 0 0
43 56 39 0 0 0
33 57 56 0 0 0
38 56 54 0 0 0
39 57 32 0 0 0
30 56 57 0 0 0
70 56 38 0 0 0
38 56 55 0 0 0
40 57 32 0 0 0
70 56 39 0 0 0
38 57 33 0 0 0
39 57 33 0 0 0
40 57 33 0 0 0
36 55 55 0 0 0
51 55 49 0 0 0
30 57 57 0 0 0
31 57 57 0 0 0
25 57 50 0 0 0
49 55 49 0 0 0
43 56 40 0 0 0
37 56 55 0 0 0
76 57 31 0 0 0
75 57 31 0 0 0
37 57 33 0 0 0
56 56 38 0 0 0
54 56 38 0 0 0
55 56 38 0 0 0
54 57 37 0 0 0
55 57 37 0 0 0
56 57 37 0 0 0
56 56 37 0 0 0
74 57 31 0 0 0
55 57 38 0 0 0
43 56 41 0 0 0
44 56 41 0 0 0
57 56 38 0 0 0
56 57 38 0 0 0
70 56 40 0 0 0
40 57 34 0 0 0
79 57 30 0 0 0
56 57 28 0 0 0
57 57 38 0 0 0
77 57 30 0 0 0
56 57 29 0 0 0
43 57 41 0 0 0
54 57 38 0 0 0
59 56 39 0 0 0
60 56 39 0 0 0
78 57 30 0 0 0
55 55 48 0 0 0
73 57 31 0 0 0
39 57 34 0 0 0
73 57 32 0 0 0
53 56 39 0 0 0
61 56 39 0 0 0
25 57 51 0 0 0
58 56 38 0 0 0
45 56 41 0 0 0
72 57 32 0 0 0
76 57 30 0 0 0
78 57 31 0 0 0
77 57 31 0 0 0
70 57 40 0 0 0
71 57 32 0 0 0
62 56 39 0 0 0
57 57 29 0 0 0
47 56 50 0 0 0
58 56 40 0 0 0
26 57 53 0 0 0
59 57 38 0 0 0
59 56 38 0 0 0
70 57 32 0 0 0
63 56 39 0 0 0
60 56 38 0 0 0
61 57 38 0 0 0
54 56 48 0 0 0
69 57 33 0 0 0
70 57 33 0 0 0
45 56 42 0 0 0
52 55 48 0 0 0
59 57 29 0 0 0
70 56 41 0 0 0
61 57 29 0 0 0
68 57 33 0 0 0
62 57 29 0 0 0
66 57 33 0 0 0
62 57 38 0 0 0
52 56 49 0 0 0
60 57 29 0 0 0
62 57 39 0 0 0
53 57 39 0 0 0
63 57 39 0 0 0
51 56 49 0 0 0
54 57 30 0 0 0
68 57 34 0 0 0
60 57 30 0 0 0
27 57 54 0 0 0
45 56 43 0 0 0
54 57 31 0 0 0
55 57 31 0 0 0
27 57 55 0 0 0
56 57 32 0 0 0
58 57 32 0 0 0
44 57 43 0 0 0
45 57 43 0 0 0
45 56 44 0 0 0
57 57 32 0 0 0
59 57 32 0 0 0
60 57 32 0 0 0
54 56 41 0 0 0
54 56 40 0 0 0
69 57 34 0 0 0
69 57 35 0 0 0
56 57 33 0 0 0
60 57 33 0 0 0
57 57 33 0 0 0
58 57 33 0 0 0
59 57 33 0 0 0
61 57 32 0 0 0
63 57 40 0 0 0
61 57 33 0 0 0
70 56 43 0 0 0
35 57 56 0 0 0
46 56 47 0 0 0
36 57 56 0 0 0
59 57 34 0 0 0
55 57 32 0 0 0
69 56 43 0 0 0
46 57 47 0 0 0
69 56 44 0 0 0
34 57 56 0 0 0
27 57 56 0 0 0
60 57 34 0 0 0
45 56 45 0 0 0
56 57 34 0 0 0
57 57 34 0 0 0
58 57 34 0 0 0
61 57 34 0 0 0
65 57 33 0 0 0
62 57 33 0 0 0
66 57 32 0 0 0
70 57 43 0 0 0
71 57 42 0 0 0
55 57 33 0 0 0
64 57 33 0 0 0
69 57 36 0 0 0
67 56 44 0 0 0
63 57 33 0 0 0
64 57 34 0 0 0
32 57 56 0 0 0
58 57 35 0 0 0
42 57 38 0 0 0
79 58 30 0 0 0
32 57 57 0 0 0
33 57 57 0 0 0
65 56 45 0 0 0
66 56 44 0 0 0
66 56 45 0 0 0
62 57 34 0 0 0
63 57 34 0 0 0
59 57 35 0 0 0
60 57 35 0 0 0
45 56 46 0 0 0
71 57 43 0 0 0
77 58 30 0 0 0
46 56 48 0 0 0
61 57 35 0 0 0
41 57 38 0 0 0
76 58 31 0 0 0
78 58 30 0 0 0
64 56 45 0 0 0
25 58 48 0 0 0
75 58 31 0 0 0
47 56 48 0 0 0
47 56 49 0 0 0
56 57 35 0 0 0
57 57 35 0 0 0
64 57 35 0 0 0
45 57 46 0 0 0
76 58 30 0 0 0
77 58 31 0 0 0
78 58 31 0 0 0
25 58 49 0 0 0
55 57 34 0 0 0
69 57 37 0 0 0
43 57 39 0 0 0
74 58 31 0 0 0
47 57 49 0 0 0
41 57 39 0 0 0
63 57 35 0 0 0
39 58 32 0 0 0
62 57 35 0 0 0
39 57 54 0 0 0
73 58 31 0 0 0
59 57 36 0 0 0
60 57 36 0 0 0
40 58 32 0 0 0
50 56 49 0 0 0
56 57 36 0 0 0
57 57 36 0 0 0
73 58 32 0 0 0
38 57 54 0 0 0
38 58 33 0 0 0
39 58 33 0 0 0
40 58 33 0 0 0
72 58 32 0 0 0
58 57 36 0 0 0
61 57 36 0 0 0
49 56 49 0 0 0
63 57 36 0 0 0
64 57 36 0 0 0
50 57 49 0 0 0
69 57 38 0 0 0
49 56 50 0 0 0
57 57 37 0 0 0
55 57 35 0 0 0
46 56 49 0 0 0
25 58 50 0 0 0
71 58 32 0 0 0
48 56 50 0 0 0
43 57 40 0 0 0
49 57 50 0 0 0
55 57 36 0 0 0
36 56 55 0 0 0
58 57 37 0 0 0
62 57 36 0 0 0
37 58 33 0 0 0
70 57 38 0 0 0
59 57 37 0 0 0
37 56 56 0 0 0
54 57 35 0 0 0
60 57 37 0 0 0
61 57 37 0 0 0
54 57 36 0 0 0
53 56 48 0 0 0
37 58 34 0 0 0
40 58 34 0 0 0
70 57 39 0 0 0
55 58 29 0 0 0
56 58 29 0 0 0
56 58 30 0 0 0
63 57 37 0 0 0
64 57 37 0 0 0
26 58 51 0 0 0
44 57 41 0 0 0
70 58 32 0 0 0
55 56 48 0 0 0
26 57 50 0 0 0
62 57 37 0 0 0
57 58 29 0 0 0
58 58 29 0 0 0
59 58 29 0 0 0
26 58 50 0 0 0
55 58 30 0 0 0
60 57 38 0 0 0
39 58 34 0 0 0
60 58 29 0 0 0
52 56 48 0 0 0
69 58 33 0 0 0
70 58 33 0 0 0
26 58 52 0 0 0
61 58 29 0 0 0
54 58 30 0 0 0
25 58 51 0 0 0
68 58 33 0 0 0
45 57 41 0 0 0
57 58 30 0 0 0
58 58 30 0 0 0
59 58 30 0 0 0
60 58 30 0 0 0
63 57 38 0 0 0
61 58 30 0 0 0
66 58 33 0 0 0
55 58 31 0 0 0
56 58 31 0 0 0
58 57 38 0 0 0
54 58 31 0 0 0
45 57 42 0 0 0
44 57 42 0 0 0
64 57 38 0 0 0
62 58 29 0 0 0
26 58 53 0 0 0
62 58 30 0 0 0
63 58 30 0 0 0
68 58 34 0 0 0
63 57 29 0 0 0
57 58 31 0 0 0
54 57 39 0 0 0
64 58 30 0 0 0
70 57 41 0 0 0
62 58 31 0 0 0
63 58 31 0 0 0
55 58 32 0 0 0
71 58 42 0 0 0
61 58 31 0 0 0
64 57 39 0 0 0
26 58 54 0 0 0
64 58 31 0 0 0
69 58 35 0 0 0
45 57 44 0 0 0
54 58 33 0 0 0
54 58 32 0 0 0
65 58 31 0 0 0
27 58 54 0 0 0
53 57 40 0 0 0
46 57 46 0 0 0
55 58 33 0 0 0
71 58 43 0 0 0
64 57 40 0 0 0
54 57 40 0 0 0
72 58 43 0 0 0
63 58 32 0 0 0
64 58 32 0 0 0
27 58 55 0 0 0
69 58 36 0 0 0
39 59 32 0 0 0
54 58 34 0 0 0
42 58 38 0 0 0
65 58 32 0 0 0
39 59 33 0 0 0
40 59 32 0 0 0
40 59 33 0 0 0
63 57 41 0 0 0
45 57 45 0 0 0
38 59 33 0 0 0
25 59 48 0 0 0
76 59 31 0 0 0
41 58 38 0 0 0
43 58 38 0 0 0
75 59 31 0 0 0
66 58 32 0 0 0
25 59 49 0 0 0
43 58 39 0 0 0
79 59 30 0 0 0
74 59 31 0 0 0
41 58 39 0 0 0
77 59 30 0 0 0
65 58 33 0 0 0
27 58 56 0 0 0
69 57 43 0 0 0
69 58 37 0 0 0
37 59 33 0 0 0
80 59 30 0 0 0
78 59 30 0 0 0
69 57 44 0 0 0
54 58 35 0 0 0
73 59 31 0 0 0
73 59 32 0 0 0
76 59 30 0 0 0
78 59 31 0 0 0
77 59 31 0 0 0
68 57 44 0 0 0
46 57 48 0 0 0
37 59 34 0 0 0
40 59 34 0 0 0
72 59 32 0 0 0
47 57 48 0 0 0
46 57 49 0 0 0
67 57 44 0 0 0
35 58 56 0 0 0
36 58 56 0 0 0
64 58 36 0 0 0
25 59 50 0 0 0
43 58 40 0 0 0
39 59 34 0 0 0
26 59 51 0 0 0
34 58 56 0 0 0
71 59 32 0 0 0
69 58 38 0 0 0
31 58 57 0 0 0
66 57 44 0 0 0
30 58 57 0 0 0
54 57 34 0 0 0
26 59 52 0 0 0
51 57 49 0 0 0
54 58 36 0 0 0
33 58 56 0 0 0
66 57 45 0 0 0
64 58 37 0 0 0
65 57 45 0 0 0
43 58 41 0 0 0
44 58 41 0 0 0
32 58 57 0 0 0
32 58 56 0 0 0
49 57 49 0 0 0
70 58 38 0 0 0
26 59 50 0 0 0
54 59 30 0 0 0
47 57 50 0 0 0
48 57 50 0 0 0
55 59 30 0 0 0
70 59 32 0 0 0
64 57 45 0 0 0
70 58 39 0 0 0
45 58 41 0 0 0
38 57 55 0 0 0
37 57 55 0 0 0
26 59 53 0 0 0
55 59 31 0 0 0
54 58 37 0 0 0
54 59 31 0 0 0
69 59 33 0 0 0
70 59 33 0 0 0
45 58 42 0 0 0
44 58 42 0 0 0
68 59 33 0 0 0
70 58 40 0 0 0
59 59 31 0 0 0
60 59 31 0 0 0
37 57 56 0 0 0
56 59 31 0 0 0
26 59 54 0 0 0
57 59 31 0 0 0
58 59 31 0 0 0
54 58 38 0 0 0
60 58 31 0 0 0
68 59 34 0 0 0
56 59 32 0 0 0
58 58 31 0 0 0
59 58 31 0 0 0
55 59 32 0 0 0
61 59 31 0 0 0
55 57 48 0 0 0
54 57 48 0 0 0
61 59 32 0 0 0
57 59 32 0 0 0
58 59 32 0 0 0
59 59 32 0 0 0
60 59 32 0 0 0
27 59 54 0 0 0
56 59 33 0 0 0
44 58 43 0 0 0
45 58 43 0 0 0
53 57 48 0 0 0
65 59 32 0 0 0
70 58 41 0 0 0
62 59 31 0 0 0
45 58 44 0 0 0
71 59 42 0 0 0
57 59 33 0 0 0
58 59 33 0 0 0
59 59 33 0 0 0
60 59 33 0 0 0
62 59 32 0 0 0
55 59 33 0 0 0
27 59 55 0 0 0
54 58 39 0 0 0
52 57 49 0 0 0
68 59 35 0 0 0
69 59 35 0 0 0
46 58 46 0 0 0
42 59 38 0 0 0
66 59 32 0 0 0
62 58 32 0 0 0
55 59 34 0 0 0
71 59 43 0 0 0
61 59 33 0 0 0
63 59 32 0 0 0
41 59 38 0 0 0
43 59 38 0 0 0
57 59 34 0 0 0
65 59 33 0 0 0
66 59 33 0 0 0
63 59 33 0 0 0
62 59 33 0 0 0
72 59 43 0 0 0
35 59 56 0 0 0
36 59 56 0 0 0
65 58 45 0 0 0
66 58 45 0 0 0
46 58 47 0 0 0
43 59 39 0 0 0
59 59 34 0 0 0
34 59 56 0 0 0
45 58 45 0 0 0
56 59 34 0 0 0
54 59 33 0 0 0
27 59 56 0 0 0
41 59 39 0 0 0
33 59 56 0 0 0
69 59 36 0 0 0
61 59 34 0 0 0
54 59 34 0 0 0
64 59 33 0 0 0
62 59 34 0 0 0
32 59 56 0 0 0
32 59 57 0 0 0
55 59 35 0 0 0
54 59 35 0 0 0
53 57 49 0 0 0
45 58 46 0 0 0
63 59 34 0 0 0
31 59 57 0 0 0
70 58 43 0 0 0
69 58 43 0 0 0
69 59 37 0 0 0
43 59 40 0 0 0
46 58 48 0 0 0
47 58 49 0 0 0
46 58 49 0 0 0
69 58 44 0 0 0
30 59 57 0 0 0
25 60 48 0 0 0
68 58 44 0 0 0
25 60 49 0 0 0
43 59 41 0 0 0
44 59 41 0 0 0
51 58 49 0 0 0
50 58 49 0 0 0
79 60 30 0 0 0
67 58 44 0 0 0
80 60 30 0 0 0
54 59 36 0 0 0
69 59 38 0 0 0
66 58 44 0 0 0
77 60 30 0 0 0
75 60 31 0 0 0
76 60 31 0 0 0
49 58 49 0 0 0
78 60 30 0 0 0
45 59 41 0 0 0
49 58 50 0 0 0
77 60 31 0 0 0
78 60 31 0 0 0
74 60 31 0 0 0
76 60 30 0 0 0
47 58 50 0 0 0
48 58 50 0 0 0
39 60 32 0 0 0
25 60 50 0 0 0
38 60 33 0 0 0
39 60 33 0 0 0
40 60 32 0 0 0
44 59 42 0 0 0
39 58 54 0 0 0
66 59 45 0 0 0
56 59 48 0 0 0
73 60 32 0 0 0
73 60 31 0 0 0
70 59 38 0 0 0
40 60 33 0 0 0
26 60 51 0 0 0
54 60 30 0 0 0
55 60 30 0 0 0
72 60 32 0 0 0
55 60 31 0 0 0
70 59 39 0 0 0
54 60 31 0 0 0
38 58 54 0 0 0
26 60 52 0 0 0
38 58 55 0 0 0
54 59 37 0 0 0
71 60 32 0 0 0
37 58 55 0 0 0
37 60 33 0 0 0
70 60 32 0 0 0
26 60 50 0 0 0
40 60 34 0 0 0
69 60 33 0 0 0
70 60 33 0 0 0
37 60 34 0 0 0
44 59 43 0 0 0
45 59 43 0 0 0
39 60 34 0 0 0
70 59 40 0 0 0
68 60 33 0 0 0
26 60 53 0 0 0
45 59 44 0 0 0
37 58 56 0 0 0
46 59 46 0 0 0
55 58 48 0 0 0
54 58 48 0 0 0
68 60 34 0 0 0
65 60 32 0 0 0
46 59 47 0 0 0
70 59 41 0 0 0
53 58 48 0 0 0
26 60 54 0 0 0
52 58 49 0 0 0
53 58 49 0 0 0
45 59 45 0 0 0
66 60 33 0 0 0
65 60 33 0 0 0
66 60 32 0 0 0
27 60 54 0 0 0
60 59 34 0 0 0
68 60 35 0 0 0
42 60 38 0 0 0
69 60 35 0 0 0
27 60 55 0 0 0
45 59 46 0 0 0
43 60 38 0 0 0
46 59 49 0 0 0
46 59 48 0 0 0
71 60 42 0 0 0
41 60 38 0 0 0
47 59 49 0 0 0
43 60 39 0 0 0
41 60 39 0 0 0
71 60 43 0 0 0
69 60 36 0 0 0
39 61 32 0 0 0
51 59 49 0 0 0
39 61 33 0 0 0
40 61 32 0 0 0
50 59 49 0 0 0
40 61 33 0 0 0
70 59 43 0 0 0
27 60 56 0 0 0
38 61 33 0 0 0
49 59 49 0 0 0
72 60 43 0 0 0
69 59 44 0 0 0
69 59 43 0 0 0
39 59 54 0 0 0
70 59 44 0 0 0
49 59 50 0 0 0
68 59 44 0 0 0
47 59 50 0 0 0
48 59 50 0 0 0
69 60 37 0 0 0
43 60 40 0 0 0
38 59 54 0 0 0
25 61 48 0 0 0
35 60 56 0 0 0
36 60 56 0 0 0
37 61 33 0 0 0
67 59 44 0 0 0
55 59 48 0 0 0
25 61 49 0 0 0
38 59 55 0 0 0
34 60 56 0 0 0
75 61 31 0 0 0
76 61 31 0 0 0
54 59 48 0 0 0
37 61 34 0 0 0
40 61 34 0 0 0
66 59 44 0 0 0
43 60 41 0 0 0
30 60 57 0 0 0
31 60 57 0 0 0
37 59 55 0 0 0
44 60 41 0 0 0
33 60 56 0 0 0
74 61 31 0 0 0
39 61 34 0 0 0
53 59 48 0 0 0
32 60 56 0 0 0
69 60 38 0 0 0
32 60 57 0 0 0
33 60 57 0 0 0
53 59 49 0 0 0
56 60 48 0 0 0
54 61 31 0 0 0
25 61 50 0 0 0
73 61 32 0 0 0
73 61 31 0 0 0
52 59 49 0 0 0
79 61 30 0 0 0
80 61 30 0 0 0
55 61 31 0 0 0
37 59 56 0 0 0
77 61 30 0 0 0
72 61 32 0 0 0
26 61 51 0 0 0
70 60 38 0 0 0
44 60 42 0 0 0
78 61 30 0 0 0
26 61 52 0 0 0
76 61 30 0 0 0
77 61 31 0 0 0
78 61 31 0 0 0
71 61 32 0 0 0
70 60 39 0 0 0
55 61 32 0 0 0
54 61 32 0 0 0
25 60 51 0 0 0
25 61 51 0 0 0
56 58 48 0 0 0
70 61 32 0 0 0
42 61 38 0 0 0
44 60 43 0 0 0
45 60 43 0 0 0
26 61 53 0 0 0
70 60 40 0 0 0
45 60 44 0 0 0
69 61 33 0 0 0
70 61 33 0 0 0
43 61 38 0 0 0
41 61 38 0 0 0
44 59 44 0 0 0
68 61 33 0 0 0
43 61 39 0 0 0
41 61 39 0 0 0
46 60 46 0 0 0
26 61 54 0 0 0
70 60 41 0 0 0
65 61 32 0 0 0
64 61 32 0 0 0
68 61 34 0 0 0
65 61 33 0 0 0
46 60 47 0 0 0
45 60 45 0 0 0
71 61 42 0 0 0
64 61 33 0 0 0
66 61 33 0 0 0
43 61 40 0 0 0
27 61 54 0 0 0
27 61 55 0 0 0
70 60 42 0 0 0
70 59 42 0 0 0
26 60 55 0 0 0
71 61 43 0 0 0
26 61 55 0 0 0
43 61 41 0 0 0
45 60 46 0 0 0
44 61 41 0 0 0
68 61 35 0 0 0
39 62 32 0 0 0
69 61 35 0 0 0
39 62 33 0 0 0
40 62 32 0 0 0
55 60 48 0 0 0
38 62 33 0 0 0
40 62 33 0 0 0
27 61 56 0 0 0
54 60 48 0 0 0
34 61 56 0 0 0
35 61 56 0 0 0
36 61 56 0 0 0
46 60 49 0 0 0
47 60 49 0 0 0
70 60 43 0 0 0
72 61 43 0 0 0
53 60 48 0 0 0
25 62 48 0 0 0
25 62 49 0 0 0
69 60 44 0 0 0
33 61 56 0 0 0
53 60 49 0 0 0
44 61 42 0 0 0
69 61 36 0 0 0
33 61 57 0 0 0
52 60 49 0 0 0
37 62 33 0 0 0
75 62 31 0 0 0
76 62 31 0 0 0
32 61 57 0 0 0
50 60 49 0 0 0
51 60 49 0 0 0
66 60 44 0 0 0
68 60 44 0 0 0
37 62 34 0 0 0
40 62 34 0 0 0
67 60 44 0 0 0
54 62 31 0 0 0
31 61 57 0 0 0
74 62 31 0 0 0
49 60 50 0 0 0
55 62 31 0 0 0
39 62 34 0 0 0
30 61 57 0 0 0
47 60 50 0 0 0
69 61 37 0 0 0
48 60 50 0 0 0
27 61 57 0 0 0
73 62 31 0 0 0
73 62 32 0 0 0
25 62 50 0 0 0
79 62 30 0 0 0
80 62 30 0 0 0
67 60 45 0 0 0
54 62 32 0 0 0
55 62 32 0 0 0
26 62 52 0 0 0
44 61 43 0 0 0
45 61 43 0 0 0
72 62 32 0 0 0
49 60 49 0 0 0
45 61 44 0 0 0
77 62 30 0 0 0
78 62 30 0 0 0
59 60 46 0 0 0
66 60 45 0 0 0
60 61 46 0 0 0
61 61 46 0 0 0
76 62 30 0 0 0
77 62 31 0 0 0
78 62 31 0 0 0
71 62 32 0 0 0
59 60 47 0 0 0
58 60 47 0 0 0
69 61 38 0 0 0
39 60 54 0 0 0
25 62 51 0 0 0
59 61 46 0 0 0
65 61 45 0 0 0
66 61 44 0 0 0
66 61 45 0 0 0
44 61 44 0 0 0
40 60 54 0 0 0
59 61 47 0 0 0
40 59 54 0 0 0
58 61 47 0 0 0
38 60 54 0 0 0
26 62 53 0 0 0
65 60 44 0 0 0
65 61 44 0 0 0
26 62 51 0 0 0
65 60 45 0 0 0
64 61 45 0 0 0
45 61 45 0 0 0
38 60 55 0 0 0
70 61 38 0 0 0
37 60 55 0 0 0
42 62 38 0 0 0
56 61 48 0 0 0
64 60 45 0 0 0
63 61 45 0 0 0
70 62 32 0 0 0
46 61 46 0 0 0
70 61 39 0 0 0
58 61 46 0 0 0
26 62 54 0 0 0
70 62 33 0 0 0
41 62 38 0 0 0
43 62 38 0 0 0
62 61 46 0 0 0
63 61 46 0 0 0
64 62 33 0 0 0
65 62 33 0 0 0
69 62 33 0 0 0
56 61 47 0 0 0
57 61 48 0 0 0
57 61 47 0 0 0
46 61 47 0 0 0
43 62 39 0 0 0
68 62 33 0 0 0
45 61 46 0 0 0
37 60 56 0 0 0
41 62 39 0 0 0
66 62 33 0 0 0
70 61 40 0 0 0
27 62 55 0 0 0
68 62 34 0 0 0
65 62 34 0 0 0
61 61 45 0 0 0
62 61 45 0 0 0
26 62 55 0 0 0
64 62 34 0 0 0
66 62 34 0 0 0
43 62 40 0 0 0
46 61 49 0 0 0
47 61 49 0 0 0
70 61 41 0 0 0
43 62 41 0 0 0
27 62 56 0 0 0
44 62 41 0 0 0
55 61 47 0 0 0
55 61 48 0 0 0
68 62 35 0 0 0
54 61 48 0 0 0
36 62 56 0 0 0
69 62 35 0 0 0
50 61 49 0 0 0
51 61 49 0 0 0
35 62 56 0 0 0
49 61 49 0 0 0
39 63 32 0 0 0
34 62 56 0 0 0
53 61 48 0 0 0
39 63 33 0 0 0
40 63 32 0 0 0
70 61 42 0 0 0
38 63 33 0 0 0
40 63 33 0 0 0
48 61 49 0 0 0
49 61 50 0 0 0
53 61 49 0 0 0
27 62 57 0 0 0
52 61 48 0 0 0
50 61 50 0 0 0
69 62 36 0 0 0
33 62 56 0 0 0
47 61 50 0 0 0
48 61 50 0 0 0
25 63 48 0 0 0
33 62 57 0 0 0
30 62 57 0 0 0
44 62 42 0 0 0
52 61 49 0 0 0
32 62 57 0 0 0
25 63 49 0 0 0
79 63 29 0 0 0
39 61 54 0 0 0
79 63 30 0 0 0
80 63 30 0 0 0
31 62 57 0 0 0
37 63 33 0 0 0
26 61 57 0 0 0
40 61 54 0 0 0
75 63 31 0 0 0
76 63 31 0 0 0
69 61 43 0 0 0
70 61 43 0 0 0
78 63 30 0 0 0
40 63 34 0 0 0
69 62 37 0 0 0
37 63 34 0 0 0
38 61 54 0 0 0
74 63 31 0 0 0
77 63 30 0 0 0
54 63 32 0 0 0
69 61 44 0 0 0
38 61 55 0 0 0
68 61 43 0 0 0
39 61 55 0 0 0
25 63 50 0 0 0
76 63 30 0 0 0
73 63 31 0 0 0
68 61 44 0 0 0
44 62 43 0 0 0
45 62 43 0 0 0
39 63 34 0 0 0
55 63 32 0 0 0
67 61 44 0 0 0
45 62 44 0 0 0
37 61 55 0 0 0
67 61 43 0 0 0
73 63 32 0 0 0
61 62 46 0 0 0
72 63 32 0 0 0
60 62 46 0 0 0
66 62 44 0 0 0
55 63 33 0 0 0
54 63 33 0 0 0
69 62 38 0 0 0
65 62 44 0 0 0
71 63 32 0 0 0
59 62 46 0 0 0
37 61 56 0 0 0
58 62 46 0 0 0
25 63 51 0 0 0
64 62 44 0 0 0
57 61 46 0 0 0
26 63 52 0 0 0
58 62 47 0 0 0
45 62 45 0 0 0
64 62 45 0 0 0
46 62 46 0 0 0
57 62 47 0 0 0
70 62 38 0 0 0
64 61 44 0 0 0
26 63 51 0 0 0
70 62 39 0 0 0
63 62 45 0 0 0
42 63 38 0 0 0
70 63 32 0 0 0
62 62 45 0 0 0
46 62 47 0 0 0
43 63 38 0 0 0
56 62 47 0 0 0
69 63 33 0 0 0
69 63 32 0 0 0
61 62 45 0 0 0
45 62 46 0 0 0
41 63 38 0 0 0
26 63 53 0 0 0
38 64 27 0 0 0
68 63 33 0 0 0
43 63 39 0 0 0
65 63 34 0 0 0
41 63 39 0 0 0
64 63 34 0 0 0
70 62 40 0 0 0
37 64 27 0 0 0
55 62 47 0 0 0
26 63 54 0 0 0
54 62 47 0 0 0
37 63 27 0 0 0
68 63 34 0 0 0
38 64 28 0 0 0
37 63 28 0 0 0
37 64 28 0 0 0
46 62 49 0 0 0
50 62 49 0 0 0
51 62 49 0 0 0
54 62 48 0 0 0
30 64 40 0 0 0
31 64 40 0 0 0
47 62 49 0 0 0
64 63 35 0 0 0
70 62 41 0 0 0
71 63 42 0 0 0
65 63 35 0 0 0
54 61 47 0 0 0
38 63 28 0 0 0
53 62 48 0 0 0
49 62 49 0 0 0
31 64 41 0 0 0
52 62 48 0 0 0
30 64 41 0 0 0
25 64 48 0 0 0
26 64 47 0 0 0
48 62 49 0 0 0
41 63 40 0 0 0
29 64 41 0 0 0
26 64 48 0 0 0
25 64 49 0 0 0
25 64 47 0 0 0
38 64 29 0 0 0
43 63 41 0 0 0
44 63 41 0 0 0
38 63 30 0 0 0
39 63 30 0 0 0
68 63 35 0 0 0
26 63 55 0 0 0
51 62 48 0 0 0
37 63 29 0 0 0
37 64 29 0 0 0
38 63 29 0 0 0
39 64 29 0 0 0
27 63 55 0 0 0
47 62 50 0 0 0
69 63 35 0 0 0
37 63 30 0 0 0
70 62 42 0 0 0
41 63 41 0 0 0
29 64 42 0 0 0
30 64 42 0 0 0
31 64 42 0 0 0
48 62 50 0 0 0
39 63 29 0 0 0
71 62 42 0 0 0
37 63 31 0 0 0
38 63 31 0 0 0
39 63 31 0 0 0
51 61 48 0 0 0
36 64 29 0 0 0
69 63 36 0 0 0
27 63 56 0 0 0
26 64 49 0 0 0
44 63 42 0 0 0
75 64 31 0 0 0
76 64 31 0 0 0
36 63 56 0 0 0
41 63 42 0 0 0
25 64 50 0 0 0
26 64 50 0 0 0
79 64 30 0 0 0
39 62 54 0 0 0
37 64 30 0 0 0
28 64 42 0 0 0
36 64 30 0 0 0
39 64 30 0 0 0
35 63 56 0 0 0
40 62 54 0 0 0
80 64 30 0 0 0
74 64 31 0 0 0
69 62 43 0 0 0
70 62 43 0 0 0
34 63 56 0 0 0
29 64 43 0 0 0
30 64 43 0 0 0
31 64 43 0 0 0
78 64 30 0 0 0
28 64 43 0 0 0
29 64 44 0 0 0
31 64 44 0 0 0
73 64 32 0 0 0
74 64 32 0 0 0
37 63 32 0 0 0
38 63 32 0 0 0
68 62 43 0 0 0
38 62 55 0 0 0
39 62 55 0 0 0
33 63 56 0 0 0
77 64 30 0 0 0
40 63 42 0 0 0
38 62 54 0 0 0
33 63 57 0 0 0
69 63 37 0 0 0
30 64 44 0 0 0
74 63 32 0 0 0
34 63 57 0 0 0
25 64 51 0 0 0
37 64 31 0 0 0
72 64 32 0 0 0
77 64 31 0 0 0
67 62 43 0 0 0
36 64 31 0 0 0
75 64 32 0 0 0
29 64 45 0 0 0
30 64 45 0 0 0
78 64 31 0 0 0
37 62 55 0 0 0
39 64 31 0 0 0
32 63 57 0 0 0
26 64 51 0 0 0
30 63 57 0 0 0
77 63 31 0 0 0
41 63 43 0 0 0
44 63 43 0 0 0
45 63 43 0 0 0
31 63 57 0 0 0
67 62 44 0 0 0
71 64 32 0 0 0
31 64 45 0 0 0
28 64 44 0 0 0
30 64 49 0 0 0
45 63 44 0 0 0
28 64 45 0 0 0
44 62 44 0 0 0
27 64 45 0 0 0
27 64 44 0 0 0
37 62 56 0 0 0
54 64 33 0 0 0
71 64 33 0 0 0
69 63 38 0 0 0
35 64 39 0 0 0
37 64 32 0 0 0
39 64 32 0 0 0
28 64 46 0 0 0
29 64 46 0 0 0
30 64 46 0 0 0
60 63 46 0 0 0
61 63 46 0 0 0
26 64 52 0 0 0
41 63 44 0 0 0
27 64 46 0 0 0
31 64 46 0 0 0
32 64 39 0 0 0
33 64 39 0 0 0
34 64 39 0 0 0
54 64 34 0 0 0
72 64 33 0 0 0
66 63 44 0 0 0
31 64 39 0 0 0
30 64 50 0 0 0
46 63 46 0 0 0
41 64 37 0 0 0
65 63 44 0 0 0
41 63 37 0 0 0
59 63 46 0 0 0
32 64 40 0 0 0
34 64 40 0 0 0
53 64 34 0 0 0
31 64 48 0 0 0
33 64 40 0 0 0
26 64 46 0 0 0
45 63 45 0 0 0
70 63 38 0 0 0
64 63 44 0 0 0
29 64 51 0 0 0
70 64 33 0 0 0
70 64 32 0 0 0
54 63 34 0 0 0
46 63 47 0 0 0
58 63 46 0 0 0
70 63 39 0 0 0
40 64 32 0 0 0
33 64 42 0 0 0
69 64 33 0 0 0
70 63 33 0 0 0
27 64 47 0 0 0
28 64 47 0 0 0
29 64 47 0 0 0
30 64 47 0 0 0
64 63 45 0 0 0
37 64 33 0 0 0
31 64 47 0 0 0
29 63 51 0 0 0
63 63 45 0 0 0
58 63 47 0 0 0
40 64 33 0 0 0
57 63 47 0 0 0
68 64 33 0 0 0
54 64 35 0 0 0
41 64 38 0 0 0
29 64 52 0 0 0
40 64 24 0 0 0
41 64 24 0 0 0
32 64 41 0 0 0
33 64 41 0 0 0
34 64 41 0 0 0
53 64 35 0 0 0
39 63 36 0 0 0
62 63 45 0 0 0
56 63 47 0 0 0
45 63 46 0 0 0
42 64 38 0 0 0
29 63 52 0 0 0
42 64 24 0 0 0
43 64 24 0 0 0
32 64 46 0 0 0
33 64 43 0 0 0
46 64 24 0 0 0
39 65 24 0 0 0
40 65 24 0 0 0
40 64 25 0 0 0
61 63 45 0 0 0
65 64 35 0 0 0
68 64 34 0 0 0
55 63 47 0 0 0
43 64 38 0 0 0
70 63 40 0 0 0
39 63 37 0 0 0
42 65 24 0 0 0
42 64 25 0 0 0
43 64 25 0 0 0
43 65 24 0 0 0
44 65 24 0 0 0
45 65 24 0 0 0
46 64 25 0 0 0
39 65 25 0 0 0
40 65 25 0 0 0
49 64 24 0 0 0
50 64 24 0 0 0
51 64 24 0 0 0
64 64 35 0 0 0
33 64 44 0 0 0
41 64 25 0 0 0
39 63 35 0 0 0
40 63 35 0 0 0
68 64 22 0 0 0
27 64 48 0 0 0
28 64 48 0 0 0
29 64 48 0 0 0
30 64 48 0 0 0
71 64 42 0 0 0
42 65 25 0 0 0
43 65 25 0 0 0
44 65 25 0 0 0
45 65 25 0 0 0
46 65 25 0 0 0
68 64 23 0 0 0
52 64 24 0 0 0
53 64 24 0 0 0
54 64 24 0 0 0
55 64 24 0 0 0
40 63 37 0 0 0
40 64 34 0 0 0
54 63 48 0 0 0
54 63 47 0 0 0
46 63 49 0 0 0
51 63 49 0 0 0
71 64 24 0 0 0
69 64 23 0 0 0
46 65 24 0 0 0
47 65 24 0 0 0
48 65 24 0 0 0
49 65 24 0 0 0
50 65 24 0 0 0
51 65 24 0 0 0
56 64 24 0 0 0
29 63 53 0 0 0
57 64 24 0 0 0
61 64 24 0 0 0
37 64 34 0 0 0
69 64 22 0 0 0
43 64 39 0 0 0
53 64 36 0 0 0
54 64 36 0 0 0
32 64 42 0 0 0
34 64 42 0 0 0
68 65 23 0 0 0
47 63 49 0 0 0
50 63 49 0 0 0
47 65 25 0 0 0
48 65 25 0 0 0
49 65 25 0 0 0
50 65 25 0 0 0
51 64 25 0 0 0
51 65 25 0 0 0
39 64 25 0 0 0
28 63 53 0 0 0
29 64 53 0 0 0
41 65 25 0 0 0
27 64 50 0 0 0
28 64 50 0 0 0
29 64 50 0 0 0
53 63 48 0 0 0
65 65 24 0 0 0
52 65 24 0 0 0
53 65 24 0 0 0
54 65 24 0 0 0
54 64 25 0 0 0
55 65 24 0 0 0
55 64 25 0 0 0
32 64 44 0 0 0
67 65 23 0 0 0
49 63 49 0 0 0
48 64 25 0 0 0
66 65 24 0 0 0
65 65 25 0 0 0
64 64 36 0 0 0
56 65 24 0 0 0
56 64 25 0 0 0
57 65 24 0 0 0
57 64 25 0 0 0
58 65 24 0 0 0
59 65 24 0 0 0
60 65 24 0 0 0
61 65 24 0 0 0
65 64 36 0 0 0
45 64 25 0 0 0
67 65 24 0 0 0
69 64 34 0 0 0
39 63 38 0 0 0
40 63 38 0 0 0
72 64 24 0 0 0
52 65 25 0 0 0
53 65 25 0 0 0
53 64 25 0 0 0
54 65 25 0 0 0
65 63 36 0 0 0
27 64 51 0 0 0
28 64 51 0 0 0
62 64 24 0 0 0
39 64 26 0 0 0
52 63 48 0 0 0
70 63 41 0 0 0
40 64 26 0 0 0
41 64 26 0 0 0
47 64 25 0 0 0
49 64 25 0 0 0
35 64 31 0 0 0
57 65 25 0 0 0
58 65 25 0 0 0
59 65 25 0 0 0
60 65 25 0 0 0
61 65 25 0 0 0
40 63 36 0 0 0
44 64 25 0 0 0
64 63 36 0 0 0
61 64 25 0 0 0
62 64 25 0 0 0
38 65 26 0 0 0
39 65 26 0 0 0
71 64 25 0 0 0
72 64 25 0 0 0
48 63 49 0 0 0
52 64 25 0 0 0
55 65 25 0 0 0
56 65 25 0 0 0
69 64 35 0 0 0
50 64 25 0 0 0
32 64 45 0 0 0
68 65 24 0 0 0
68 64 24 0 0 0
27 64 49 0 0 0
28 64 49 0 0 0
29 64 49 0 0 0
58 64 25 0 0 0
64 64 25 0 0 0
70 64 23 0 0 0
42 64 26 0 0 0
43 64 26 0 0 0
44 64 26 0 0 0
45 64 26 0 0 0
46 64 26 0 0 0
76 64 27 0 0 0
51 63 48 0 0 0
66 65 25 0 0 0
40 64 35 0 0 0
35 64 32 0 0 0
47 64 26 0 0 0
59 64 25 0 0 0
36 64 32 0 0 0
44 65 26 0 0 0
45 65 26 0 0 0
47 63 50 0 0 0
64 65 25 0 0 0
70 64 24 0 0 0
53 64 37 0 0 0
54 64 37 0 0 0
69 64 24 0 0 0
48 64 26 0 0 0
49 64 26 0 0 0
50 64 26 0 0 0
30 64 39 0 0 0
48 63 50 0 0 0
41 63 36 0 0 0
51 64 26 0 0 0
38 64 26 0 0 0
64 64 37 0 0 0
26 64 54 0 0 0
63 64 25 0 0 0
32 64 43 0 0 0
46 65 26 0 0 0
47 65 26 0 0 0
48 65 26 0 0 0
49 65 26 0 0 0
50 65 26 0 0 0
51 65 26 0 0 0
77 64 27 0 0 0
73 64 25 0 0 0
39 63 39 0 0 0
40 63 39 0 0 0
52 64 26 0 0 0
53 64 26 0 0 0
54 64 26 0 0 0
55 64 26 0 0 0
56 64 26 0 0 0
39 64 27 0 0 0
40 64 27 0 0 0
41 64 27 0 0 0
65 64 37 0 0 0
70 63 42 0 0 0
27 64 52 0 0 0
28 64 52 0 0 0
76 64 28 0 0 0
77 64 28 0 0 0
57 64 26 0 0 0
58 64 26 0 0 0
59 64 26 0 0 0
71 64 41 0 0 0
52 65 26 0 0 0
53 65 26 0 0 0
43 65 26 0 0 0
73 64 26 0 0 0
74 64 26 0 0 0
62 64 26 0 0 0
63 64 26 0 0 0
64 64 26 0 0 0
65 64 26 0 0 0
38 65 27 0 0 0
59 65 26 0 0 0
60 65 26 0 0 0
61 65 26 0 0 0
40 64 36 0 0 0
43 64 41 0 0 0
44 64 41 0 0 0
34 64 32 0 0 0
69 64 25 0 0 0
54 65 26 0 0 0
62 65 25 0 0 0
69 64 36 0 0 0
60 64 26 0 0 0
42 64 27 0 0 0
43 64 27 0 0 0
44 64 27 0 0 0
45 64 27 0 0 0
46 64 27 0 0 0
47 64 27 0 0 0
48 64 27 0 0 0
49 64 27 0 0 0
50 64 27 0 0 0
51 64 27 0 0 0
78 64 28 0 0 0
77 64 29 0 0 0
78 64 29 0 0 0
67 65 25 0 0 0
68 65 25 0 0 0
69 65 25 0 0 0
62 65 26 0 0 0
64 65 26 0 0 0
65 65 26 0 0 0
66 64 26 0 0 0
66 65 26 0 0 0
71 64 26 0 0 0
72 64 26 0 0 0
34 64 33 0 0 0
35 64 33 0 0 0
36 64 33 0 0 0
28 64 55 0 0 0
53 64 38 0 0 0
54 64 38 0 0 0
81 64 30 0 0 0
41 64 36 0 0 0
52 64 27 0 0 0
53 64 27 0 0 0
54 64 27 0 0 0
55 64 27 0 0 0
56 64 27 0 0 0
68 64 25 0 0 0
79 64 29 0 0 0
27 64 55 0 0 0
76 64 29 0 0 0
57 64 27 0 0 0
58 64 27 0 0 0
59 64 27 0 0 0
60 64 27 0 0 0
61 64 27 0 0 0
46 65 27 0 0 0
47 65 27 0 0 0
50 65 27 0 0 0
39 63 54 0 0 0
40 63 54 0 0 0
70 64 25 0 0 0
64 64 38 0 0 0
40 63 40 0 0 0
36 64 34 0 0 0
44 65 27 0 0 0
45 65 27 0 0 0
69 63 43 0 0 0
61 64 26 0 0 0
39 64 28 0 0 0
40 64 28 0 0 0
41 64 28 0 0 0
74 64 27 0 0 0
75 64 27 0 0 0
51 65 27 0 0 0
65 64 38 0 0 0
62 64 27 0 0 0
63 64 27 0 0 0
64 64 27 0 0 0
65 64 27 0 0 0
66 64 27 0 0 0
26 64 53 0 0 0
27 64 53 0 0 0
28 64 53 0 0 0
44 64 42 0 0 0
69 64 37 0 0 0
35 64 34 0 0 0
73 64 27 0 0 0
49 65 27 0 0 0
80 64 29 0 0 0
61 64 28 0 0 0
62 64 28 0 0 0
68 63 43 0 0 0
75 64 26 0 0 0
66 64 25 0 0 0
46 64 28 0 0 0
47 64 28 0 0 0
48 64 28 0 0 0
49 64 28 0 0 0
50 64 28 0 0 0
51 64 28 0 0 0
42 64 28 0 0 0
43 64 28 0 0 0
44 64 28 0 0 0
45 64 28 0 0 0
34 64 34 0 0 0
53 64 39 0 0 0
38 63 55 0 0 0
27 64 56 0 0 0
61 65 27 0 0 0
61 64 29 0 0 0
62 64 29 0 0 0
67 65 26 0 0 0
68 65 26 0 0 0
68 64 26 0 0 0
71 64 27 0 0 0
72 64 27 0 0 0
70 64 37 0 0 0
38 63 54 0 0 0
36 64 44 0 0 0
34 64 35 0 0 0
35 64 35 0 0 0
36 64 35 0 0 0
67 63 43 0 0 0
60 64 29 0 0 0
70 63 43 0 0 0
54 64 39 0 0 0
41 64 31 0 0 0
67 63 44 0 0 0
38 64 37 0 0 0
69 64 26 0 0 0
70 64 26 0 0 0
52 64 28 0 0 0
53 64 28 0 0 0
54 64 28 0 0 0
55 64 28 0 0 0
56 64 28 0 0 0
38 63 37 0 0 0
57 64 28 0 0 0
58 64 28 0 0 0
59 64 28 0 0 0
60 64 28 0 0 0
64 64 39 0 0 0
35 64 44 0 0 0
39 64 37 0 0 0
63 64 29 0 0 0
37 63 55 0 0 0
40 63 41 0 0 0
33 64 34 0 0 0
40 64 29 0 0 0
41 64 29 0 0 0
39 64 38 0 0 0
74 64 28 0 0 0
75 64 28 0 0 0
64 64 29 0 0 0
46 65 28 0 0 0
50 65 28 0 0 0
60 64 30 0 0 0
35 64 45 0 0 0
36 64 45 0 0 0
27 64 54 0 0 0
28 64 54 0 0 0
76 64 30 0 0 0
63 64 28 0 0 0
64 64 28 0 0 0
65 64 28 0 0 0
66 64 28 0 0 0
53 64 42 0 0 0
42 64 29 0 0 0
43 64 29 0 0 0
44 64 29 0 0 0
45 64 29 0 0 0
46 64 29 0 0 0
65 64 39 0 0 0
65 64 29 0 0 0
67 64 26 0 0 0
47 64 29 0 0 0
48 64 29 0 0 0
49 64 29 0 0 0
50 64 29 0 0 0
51 64 29 0 0 0
52 64 42 0 0 0
61 64 30 0 0 0
62 64 30 0 0 0
63 64 30 0 0 0
64 64 30 0 0 0
65 64 30 0 0 0
66 64 30 0 0 0
69 64 38 0 0 0
41 64 32 0 0 0
42 64 32 0 0 0
53 64 40 0 0 0
44 64 43 0 0 0
45 64 43 0 0 0
35 64 56 0 0 0
34 64 36 0 0 0
35 64 36 0 0 0
36 64 36 0 0 0
63 64 39 0 0 0
70 64 38 0 0 0
40 64 30 0 0 0
37 63 56 0 0 0
73 64 28 0 0 0
67 64 27 0 0 0
68 64 27 0 0 0
69 64 27 0 0 0
70 64 27 0 0 0
46 64 46 0 0 0
34 64 56 0 0 0
32 64 36 0 0 0
33 64 36 0 0 0
33 64 35 0 0 0
72 64 28 0 0 0
52 64 29 0 0 0
53 64 29 0 0 0
54 64 29 0 0 0
55 64 29 0 0 0
56 64 29 0 0 0
45 64 44 0 0 0
57 64 29 0 0 0
58 64 29 0 0 0
59 64 29 0 0 0
32 64 53 0 0 0
39 64 39 0 0 0
34 64 57 0 0 0
30 64 57 0 0 0
64 64 40 0 0 0
72 64 29 0 0 0
73 64 29 0 0 0
74 64 29 0 0 0
75 64 29 0 0 0
52 64 40 0 0 0
38 64 39 0 0 0
70 64 29 0 0 0
71 64 28 0 0 0
66 64 29 0 0 0
46 64 47 0 0 0
43 64 32 0 0 0
79 64 31 0 0 0
63 64 40 0 0 0
41 64 30 0 0 0
61 64 31 0 0 0
62 64 31 0 0 0
63 64 31 0 0 0
64 64 31 0 0 0
65 64 31 0 0 0
66 64 31 0 0 0
35 64 46 0 0 0
36 64 46 0 0 0
69 64 29 0 0 0
71 64 29 0 0 0
42 64 30 0 0 0
43 64 30 0 0 0
44 64 30 0 0 0
45 64 30 0 0 0
46 64 30 0 0 0
70 64 39 0 0 0
80 64 31 0 0 0
52 64 41 0 0 0
53 64 41 0 0 0
40 64 31 0 0 0
47 64 30 0 0 0
48 64 30 0 0 0
49 64 30 0 0 0
50 64 30 0 0 0
51 64 30 0 0 0
41 64 33 0 0 0
42 64 33 0 0 0
43 64 33 0 0 0
67 64 29 0 0 0
60 64 32 0 0 0
61 64 32 0 0 0
32 64 37 0 0 0
33 64 37 0 0 0
34 64 37 0 0 0
35 64 37 0 0 0
36 64 37 0 0 0
68 64 29 0 0 0
39 63 40 0 0 0
67 64 28 0 0 0
68 64 28 0 0 0
69 64 28 0 0 0
70 64 28 0 0 0
39 64 40 0 0 0
44 64 33 0 0 0
44 64 44 0 0 0
61 64 46 0 0 0
35 64 49 0 0 0
31 64 55 0 0 0
52 64 30 0 0 0
53 64 30 0 0 0
54 64 30 0 0 0
55 64 30 0 0 0
56 64 30 0 0 0
63 64 41 0 0 0
64 64 41 0 0 0
67 64 30 0 0 0
68 64 30 0 0 0
69 64 30 0 0 0
70 64 30 0 0 0
71 64 30 0 0 0
60 64 46 0 0 0
34 64 49 0 0 0
57 64 30 0 0 0
58 64 30 0 0 0
59 64 30 0 0 0
60 64 33 0 0 0
61 64 33 0 0 0
39 64 41 0 0 0
62 64 32 0 0 0
63 64 32 0 0 0
64 64 32 0 0 0
65 64 32 0 0 0
66 64 32 0 0 0
35 64 50 0 0 0
47 64 34 0 0 0
59 64 46 0 0 0
40 63 43 0 0 0
72 64 30 0 0 0
73 64 30 0 0 0
74 64 30 0 0 0
75 64 30 0 0 0
63 64 43 0 0 0
32 64 55 0 0 0
34 64 55 0 0 0
37 64 41 0 0 0
77 64 32 0 0 0
34 64 50 0 0 0
36 64 50 0 0 0
46 64 34 0 0 0
46 64 31 0 0 0
47 64 31 0 0 0
48 64 31 0 0 0
49 64 31 0 0 0
50 64 31 0 0 0
51 64 31 0 0 0
42 64 31 0 0 0
43 64 31 0 0 0
44 64 31 0 0 0
45 64 31 0 0 0
31 64 37 0 0 0
41 64 34 0 0 0
42 64 34 0 0 0
43 64 34 0 0 0
44 64 34 0 0 0
70 64 40 0 0 0
52 64 34 0 0 0
35 64 47 0 0 0
36 64 47 0 0 0
76 64 32 0 0 0
48 64 34 0 0 0
70 64 42 0 0 0
45 64 34 0 0 0
51 64 34 0 0 0
46 64 35 0 0 0
47 64 35 0 0 0
48 64 35 0 0 0
50 64 35 0 0 0
51 64 35 0 0 0
46 64 49 0 0 0
36 64 56 0 0 0
31 64 38 0 0 0
32 64 38 0 0 0
33 64 38 0 0 0
34 64 38 0 0 0
35 64 38 0 0 0
36 64 38 0 0 0
58 64 47 0 0 0
58 64 46 0 0 0
66 64 44 0 0 0
41 64 46 0 0 0
45 64 46 0 0 0
51 64 49 0 0 0
34 64 47 0 0 0
52 64 31 0 0 0
53 64 31 0 0 0
54 64 31 0 0 0
55 64 31 0 0 0
56 64 31 0 0 0
49 64 35 0 0 0
50 64 49 0 0 0
57 64 47 0 0 0
67 64 31 0 0 0
68 64 31 0 0 0
69 64 31 0 0 0
70 64 31 0 0 0
71 64 31 0 0 0
57 64 31 0 0 0
58 64 31 0 0 0
59 64 31 0 0 0
60 64 31 0 0 0
60 64 34 0 0 0
39 64 42 0 0 0
47 64 49 0 0 0
49 64 49 0 0 0
45 64 45 0 0 0
63 64 42 0 0 0
64 64 42 0 0 0
31 64 56 0 0 0
52 64 35 0 0 0
33 64 51 0 0 0
34 64 51 0 0 0
35 64 51 0 0 0
61 64 34 0 0 0
72 64 31 0 0 0
73 64 31 0 0 0
38 64 42 0 0 0
31 64 57 0 0 0
32 64 56 0 0 0
33 64 56 0 0 0
36 64 51 0 0 0
46 64 32 0 0 0
47 64 32 0 0 0
48 64 32 0 0 0
49 64 32 0 0 0
50 64 32 0 0 0
51 64 32 0 0 0
55 64 35 0 0 0
55 64 47 0 0 0
62 64 33 0 0 0
63 64 33 0 0 0
64 64 33 0 0 0
65 64 33 0 0 0
66 64 33 0 0 0
64 64 44 0 0 0
69 64 42 0 0 0
48 64 49 0 0 0
56 64 47 0 0 0
40 64 41 0 0 0
32 64 57 0 0 0
33 64 57 0 0 0
42 64 37 0 0 0
70 64 41 0 0 0
56 64 35 0 0 0
70 64 34 0 0 0
44 64 32 0 0 0
45 64 32 0 0 0
68 64 42 0 0 0
70 64 43 0 0 0
64 64 45 0 0 0
53 64 43 0 0 0
46 64 36 0 0 0
47 64 36 0 0 0
48 64 36 0 0 0
49 64 36 0 0 0
50 64 36 0 0 0
51 64 36 0 0 0
41 64 35 0 0 0
42 64 35 0 0 0
43 64 35 0 0 0
44 64 35 0 0 0
45 64 35 0 0 0
71 64 40 0 0 0
34 64 48 0 0 0
35 64 48 0 0 0
36 64 48 0 0 0
47 64 50 0 0 0
48 64 50 0 0 0
68 64 43 0 0 0
69 64 43 0 0 0
66 64 36 0 0 0
59 64 34 0 0 0
52 64 43 0 0 0
67 64 32 0 0 0
68 64 32 0 0 0
69 64 32 0 0 0
52 64 32 0 0 0
53 64 32 0 0 0
54 64 32 0 0 0
55 64 32 0 0 0
56 64 32 0 0 0
63 64 45 0 0 0
53 64 48 0 0 0
57 64 32 0 0 0
58 64 32 0 0 0
59 64 32 0 0 0
37 64 42 0 0 0
33 64 52 0 0 0
34 64 52 0 0 0
35 64 52 0 0 0
36 64 52 0 0 0
57 64 35 0 0 0
58 64 35 0 0 0
59 64 35 0 0 0
60 64 35 0 0 0
61 64 35 0 0 0
67 64 43 0 0 0
52 64 48 0 0 0
39 64 43 0 0 0
52 64 36 0 0 0
55 64 36 0 0 0
56 64 36 0 0 0
62 64 45 0 0 0
64 64 43 0 0 0
54 64 48 0 0 0
54 64 47 0 0 0
37 64 43 0 0 0
40 64 43 0 0 0
46 64 33 0 0 0
47 64 33 0 0 0
48 64 33 0 0 0
49 64 33 0 0 0
50 64 33 0 0 0
51 64 33 0 0 0
62 64 34 0 0 0
63 64 34 0 0 0
64 64 34 0 0 0
65 64 34 0 0 0
66 64 34 0 0 0
46 64 37 0 0 0
47 64 37 0 0 0
48 64 37 0 0 0
49 64 37 0 0 0
50 64 37 0 0 0
51 64 37 0 0 0
61 64 45 0 0 0
42 64 36 0 0 0
43 64 36 0 0 0
44 64 36 0 0 0
45 64 36 0 0 0
38 64 43 0 0 0
40 64 42 0 0 0
32 64 52 0 0 0
45 64 33 0 0 0
36 64 49 0 0 0
40 64 45 0 0 0
66 64 37 0 0 0
35 64 40 0 0 0
67 64 44 0 0 0
45 64 47 0 0 0
37 64 35 0 0 0
57 64 36 0 0 0
58 64 36 0 0 0
59 64 36 0 0 0
60 64 36 0 0 0
61 64 36 0 0 0
67 64 33 0 0 0
52 64 33 0 0 0
53 64 33 0 0 0
55 64 33 0 0 0
56 64 33 0 0 0
36 64 43 0 0 0
37 64 44 0 0 0
38 64 44 0 0 0
39 64 44 0 0 0
40 64 44 0 0 0
73 64 33 0 0 0
74 64 33 0 0 0
33 64 53 0 0 0
34 64 53 0 0 0
35 64 53 0 0 0
36 64 53 0 0 0
52 64 37 0 0 0
55 64 37 0 0 0
56 64 37 0 0 0
63 64 44 0 0 0
57 64 33 0 0 0
58 64 33 0 0 0
59 64 33 0 0 0
51 64 48 0 0 0
49 64 34 0 0 0
50 64 34 0 0 0
40 64 46 0 0 0
68 64 36 0 0 0
46 64 41 0 0 0
43 64 37 0 0 0
44 64 37 0 0 0
45 64 37 0 0 0
44 64 39 0 0 0
62 64 35 0 0 0
63 64 35 0 0 0
66 64 35 0 0 0
46 64 38 0 0 0
47 64 38 0 0 0
48 64 38 0 0 0
49 64 38 0 0 0
50 64 38 0 0 0
51 64 38 0 0 0
61 64 40 0 0 0
33 64 49 0 0 0
66 64 38 0 0 0
65 64 44 0 0 0
43 64 40 0 0 0
59 64 40 0 0 0
60 64 40 0 0 0
39 64 46 0 0 0
33 64 50 0 0 0
57 64 37 0 0 0
58 64 37 0 0 0
59 64 37 0 0 0
60 64 37 0 0 0
61 64 37 0 0 0
55 64 34 0 0 0
56 64 34 0 0 0
67 64 36 0 0 0
46 64 42 0 0 0
47 64 42 0 0 0
59 64 41 0 0 0
61 64 41 0 0 0
44 64 40 0 0 0
67 64 34 0 0 0
71 64 34 0 0 0
63 64 38 0 0 0
48 64 42 0 0 0
60 64 41 0 0 0
32 64 54 0 0 0
33 64 54 0 0 0
34 64 54 0 0 0
35 64 54 0 0 0
36 64 54 0 0 0
37 64 45 0 0 0
38 64 45 0 0 0
39 64 45 0 0 0
39 64 47 0 0 0
40 64 47 0 0 0
67 64 37 0 0 0
68 64 37 0 0 0
40 63 44 0 0 0
62 64 36 0 0 0
63 64 36 0 0 0
46 64 39 0 0 0
47 64 39 0 0 0
48 64 39 0 0 0
49 64 39 0 0 0
50 64 39 0 0 0
51 64 39 0 0 0
57 64 34 0 0 0
58 64 34 0 0 0
45 64 40 0 0 0
52 64 38 0 0 0
55 64 38 0 0 0
56 64 38 0 0 0
41 64 47 0 0 0
44 64 38 0 0 0
45 64 38 0 0 0
66 64 39 0 0 0
49 64 42 0 0 0
58 64 42 0 0 0
59 64 42 0 0 0
60 64 42 0 0 0
61 64 42 0 0 0
46 64 43 0 0 0
47 64 43 0 0 0
48 64 43 0 0 0
45 64 41 0 0 0
57 64 38 0 0 0
58 64 38 0 0 0
59 64 38 0 0 0
60 64 38 0 0 0
61 64 38 0 0 0
49 64 43 0 0 0
40 64 48 0 0 0
67 64 35 0 0 0
68 64 35 0 0 0
50 64 43 0 0 0
37 64 46 0 0 0
38 64 46 0 0 0
33 64 55 0 0 0
35 64 55 0 0 0
36 64 55 0 0 0
67 64 38 0 0 0
68 64 38 0 0 0
51 64 43 0 0 0
39 64 48 0 0 0
41 64 48 0 0 0
46 64 40 0 0 0
47 64 40 0 0 0
48 64 40 0 0 0
49 64 40 0 0 0
50 64 40 0 0 0
51 64 40 0 0 0
62 64 37 0 0 0
63 64 37 0 0 0
61 64 39 0 0 0
62 64 39 0 0 0
52 64 39 0 0 0
55 64 39 0 0 0
56 64 39 0 0 0
57 64 42 0 0 0
54 64 40 0 0 0
46 64 44 0 0 0
47 64 44 0 0 0
48 64 44 0 0 0
49 64 44 0 0 0
50 64 44 0 0 0
51 64 44 0 0 0
45 64 39 0 0 0
57 64 39 0 0 0
58 64 39 0 0 0
59 64 39 0 0 0
60 64 39 0 0 0
65 64 40 0 0 0
66 64 40 0 0 0
58 64 43 0 0 0
59 64 43 0 0 0
60 64 43 0 0 0
61 64 43 0 0 0
45 64 42 0 0 0
57 64 43 0 0 0
62 64 40 0 0 0
38 64 38 0 0 0
42 64 39 0 0 0
67 64 39 0 0 0
68 64 39 0 0 0
69 64 39 0 0 0
40 64 49 0 0 0
47 64 41 0 0 0
48 64 41 0 0 0
49 64 41 0 0 0
50 64 41 0 0 0
51 64 41 0 0 0
39 64 49 0 0 0
37 64 47 0 0 0
38 64 47 0 0 0
41 64 49 0 0 0
62 64 38 0 0 0
55 64 40 0 0 0
56 64 40 0 0 0
57 64 44 0 0 0
58 64 44 0 0 0
59 64 44 0 0 0
60 64 44 0 0 0
61 64 44 0 0 0
62 64 41 0 0 0
65 64 41 0 0 0
66 64 41 0 0 0
46 64 45 0 0 0
47 64 45 0 0 0
48 64 45 0 0 0
49 64 45 0 0 0
50 64 45 0 0 0
51 64 45 0 0 0
57 64 40 0 0 0
58 64 40 0 0 0
70 64 36 0 0 0
56 64 44 0 0 0
67 64 40 0 0 0
68 64 40 0 0 0
69 64 40 0 0 0
37 64 39 0 0 0
50 64 42 0 0 0
51 64 42 0 0 0
38 64 49 0 0 0
39 64 50 0 0 0
40 64 50 0 0 0
37 64 40 0 0 0
38 64 40 0 0 0
38 64 50 0 0 0
37 64 48 0 0 0
38 64 48 0 0 0
47 64 46 0 0 0
48 64 46 0 0 0
49 64 46 0 0 0
50 64 46 0 0 0
51 64 46 0 0 0
54 64 41 0 0 0
55 64 41 0 0 0
56 64 41 0 0 0
62 64 42 0 0 0
65 64 42 0 0 0
66 64 42 0 0 0
56 64 45 0 0 0
57 64 45 0 0 0
58 64 45 0 0 0
59 64 45 0 0 0
60 64 45 0 0 0
57 64 41 0 0 0
58 64 41 0 0 0
39 63 55 0 0 0
54 64 42 0 0 0
37 64 50 0 0 0
67 64 41 0 0 0
68 64 41 0 0 0
69 64 41 0 0 0
55 64 42 0 0 0
39 64 51 0 0 0
47 64 47 0 0 0
48 64 47 0 0 0
49 64 47 0 0 0
50 64 47 0 0 0
51 64 47 0 0 0
38 64 41 0 0 0
54 64 43 0 0 0
37 64 49 0 0 0
38 64 51 0 0 0
40 64 51 0 0 0
56 64 46 0 0 0
57 64 46 0 0 0
56 64 42 0 0 0
55 64 43 0 0 0
62 64 43 0 0 0
65 64 43 0 0 0
66 64 43 0 0 0
37 64 51 0 0 0
67 64 42 0 0 0
39 64 52 0 0 0
52 64 44 0 0 0
53 64 44 0 0 0
54 64 44 0 0 0
55 64 44 0 0 0
40 64 52 0 0 0
46 64 48 0 0 0
47 64 48 0 0 0
48 64 48 0 0 0
49 64 48 0 0 0
50 64 48 0 0 0
37 64 52 0 0 0
38 64 52 0 0 0
62 64 44 0 0 0
36 64 42 0 0 0
56 64 43 0 0 0
40 64 53 0 0 0
71 64 39 0 0 0
39 64 53 0 0 0
52 64 45 0 0 0
53 64 45 0 0 0
54 64 45 0 0 0
55 64 45 0 0 0
38 64 53 0 0 0
37 64 53 0 0 0
38 64 54 0 0 0
39 64 54 0 0 0
40 64 54 0 0 0
52 64 46 0 0 0
53 64 46 0 0 0
54 64 46 0 0 0
55 64 46 0 0 0
37 64 54 0 0 0
38 64 55 0 0 0
37 64 55 0 0 0
52 64 47 0 0 0
53 64 47 0 0 0
37 64 56 0 0 0
