40.0 60.0 99.0 0.0 0.0 0.0
39.0 58.0 100.0 0.0 0.0 0.0
40.0 60.0 100.0 0.0 0.0 0.0
39.0 59.0 100.0 0.0 0.0 0.0
39.0 60.0 101.0 0.0 0.0 0.0
38.0 60.0 102.0 0.0 0.0 0.0
52.0 65.0 96.0 0.0 0.0 0.0
40.0 61.0 101.0 0.0 0.0 0.0
41.0 64.0 99.0 0.0 0.0 0.0
40.0 64.0 99.0 0.0 0.0 0.0
41.0 65.0 99.0 0.0 0.0 0.0
40.0 62.0 101.0 0.0 0.0 0.0
40.0 65.0 99.0 0.0 0.0 0.0
39.0 62.0 101.0 0.0 0.0 0.0
40.0 63.0 100.0 0.0 0.0 0.0
39.0 63.0 100.0 0.0 0.0 0.0
40.0 64.0 100.0 0.0 0.0 0.0
39.0 64.0 100.0 0.0 0.0 0.0
53.0 65.0 96.0 0.0 0.0 0.0
38.0 61.0 102.0 0.0 0.0 0.0
39.0 61.0 102.0 0.0 0.0 0.0
40.0 63.0 101.0 0.0 0.0 0.0
52.0 65.0 97.0 0.0 0.0 0.0
53.0 65.0 97.0 0.0 0.0 0.0
61.0 66.0 93.0 0.0 0.0 0.0
63.0 66.0 93.0 0.0 0.0 0.0
40.0 66.0 99.0 0.0 0.0 0.0
41.0 66.0 99.0 0.0 0.0 0.0
57.0 66.0 95.0 0.0 0.0 0.0
56.0 66.0 96.0 0.0 0.0 0.0
54.0 66.0 96.0 0.0 0.0 0.0
39.0 66.0 100.0 0.0 0.0 0.0
53.0 66.0 96.0 0.0 0.0 0.0
143.0 67.0 63.0 0.0 0.0 0.0
143.0 68.0 63.0 0.0 0.0 0.0
143.0 69.0 63.0 0.0 0.0 0.0
66.0 71.0 55.0 0.0 0.0 0.0
41.0 67.0 99.0 0.0 0.0 0.0
53.0 67.0 95.0 0.0 0.0 0.0
53.0 68.0 95.0 0.0 0.0 0.0
61.0 67.0 93.0 0.0 0.0 0.0
63.0 67.0 93.0 0.0 0.0 0.0
53.0 67.0 96.0 0.0 0.0 0.0
62.0 67.0 93.0 0.0 0.0 0.0
52.0 67.0 96.0 0.0 0.0 0.0
40.0 70.0 98.0 0.0 0.0 0.0
63.0 68.0 93.0 0.0 0.0 0.0
63.0 71.0 92.0 0.0 0.0 0.0
76.0 84.0 77.0 0.0 0.0 0.0
108.0 90.0 60.0 0.0 0.0 0.0
75.0 87.0 73.0 0.0 0.0 0.0
75.0 88.0 73.0 0.0 0.0 0.0
90.0 90.0 58.0 0.0 0.0 0.0
106.0 89.0 70.0 0.0 0.0 0.0
106.0 90.0 71.0 0.0 0.0 0.0
105.0 89.0 71.0 0.0 0.0 0.0
108.0 91.0 57.0 0.0 0.0 0.0
89.0 90.0 68.0 0.0 0.0 0.0
89.0 89.0 68.0 0.0 0.0 0.0
75.0 89.0 73.0 0.0 0.0 0.0
108.0 91.0 58.0 0.0 0.0 0.0
75.0 90.0 73.0 0.0 0.0 0.0
88.0 90.0 69.0 0.0 0.0 0.0
119.0 91.0 71.0 0.0 0.0 0.0
109.0 92.0 55.0 0.0 0.0 0.0
109.0 93.0 55.0 0.0 0.0 0.0
109.0 92.0 56.0 0.0 0.0 0.0
75.0 91.0 73.0 0.0 0.0 0.0
75.0 92.0 73.0 0.0 0.0 0.0
109.0 94.0 55.0 0.0 0.0 0.0
75.0 93.0 73.0 0.0 0.0 0.0
66.0 95.0 55.0 0.0 0.0 0.0
66.0 96.0 55.0 0.0 0.0 0.0
92.0 95.0 51.0 0.0 0.0 0.0
75.0 94.0 73.0 0.0 0.0 0.0
75.0 95.0 73.0 0.0 0.0 0.0
66.0 97.0 55.0 0.0 0.0 0.0
92.0 97.0 51.0 0.0 0.0 0.0
92.0 98.0 52.0 0.0 0.0 0.0
75.0 96.0 73.0 0.0 0.0 0.0
66.0 98.0 55.0 0.0 0.0 0.0
66.0 99.0 55.0 0.0 0.0 0.0
75.0 97.0 73.0 0.0 0.0 0.0
66.0 101.0 55.0 0.0 0.0 0.0
66.0 100.0 55.0 0.0 0.0 0.0
91.0 101.0 52.0 0.0 0.0 0.0
66.0 102.0 55.0 0.0 0.0 0.0
91.0 102.0 52.0 0.0 0.0 0.0
109.0 102.0 55.0 0.0 0.0 0.0
118.0 102.0 72.0 0.0 0.0 0.0
66.0 103.0 55.0 0.0 0.0 0.0
66.0 104.0 55.0 0.0 0.0 0.0
91.0 104.0 53.0 0.0 0.0 0.0
75.0 102.0 73.0 0.0 0.0 0.0
98.0 102.0 78.0 0.0 0.0 0.0
109.0 104.0 56.0 0.0 0.0 0.0
66.0 105.0 55.0 0.0 0.0 0.0
132.0 105.0 50.0 0.0 0.0 0.0
75.0 104.0 73.0 0.0 0.0 0.0
108.0 105.0 57.0 0.0 0.0 0.0
43.0 106.0 84.0 0.0 0.0 0.0
90.0 106.0 56.0 0.0 0.0 0.0
90.0 107.0 57.0 0.0 0.0 0.0
90.0 107.0 58.0 0.0 0.0 0.0
69.0 106.0 64.0 0.0 0.0 0.0
67.0 107.0 55.0 0.0 0.0 0.0
108.0 106.0 58.0 0.0 0.0 0.0
90.0 107.0 59.0 0.0 0.0 0.0
108.0 106.0 59.0 0.0 0.0 0.0
45.0 106.0 92.0 0.0 0.0 0.0
52.0 106.0 95.0 0.0 0.0 0.0
127.0 107.0 51.0 0.0 0.0 0.0
126.0 107.0 51.0 0.0 0.0 0.0
