12 16 29 0.44492900608519276 0.35422582826233945 0.3620351588911427
11 16 29 0.0 0.0 0.0
15 17 28 0.5655080213903744 0.49682115270350563 0.49408793820558516
16 17 28 0.868710480935045 0.8438909114134253 0.8443507696238105
17 17 28 0.8698812858476724 0.8668800853674803 0.8630652260904362
18 17 27 0.8746694026447788 0.8386684906520748 0.8312129502963974
18 17 28 0.9046467902229386 0.8758528068761752 0.8627988181573999
13 16 29 0.3611408199643494 0.34973262032085556 0.3440285204991087
13 17 29 0.9859824780976224 0.9575302461410098 0.9611180642469757
12 17 29 0.9765987440727925 0.899602716903755 0.8862745098039218
15 18 28 0.6370854514645365 0.5950859356088114 0.5766884531590414
18 18 28 0.9975201845444059 0.9955017301038062 0.9895040369088811
17 18 28 0.9974658455439939 0.9977914631556594 0.992312592907199
13 18 29 0.9949472096530922 0.9947209653092006 0.9915535444947211
18 18 27 0.9959188326493387 0.9941860465116279 0.9888280893752852
12 18 29 0.9889755452742895 0.963472130425204 0.9456267900418596
11 17 29 0.6233862888220982 0.5956204379562043 0.5684557034492629
16 18 28 0.9933697190216291 0.9793814432989693 0.9764436358735935
11 17 30 0.5435559986706547 0.5190960451977401 0.49359920239282157
12 17 30 0.6543417366946779 0.5925303454715221 0.5727357609710552
11 18 29 0.42964705882352944 0.4222745098039215 0.4061176470588235
11 18 30 0.7383282364933741 0.7165857168555496 0.6985908736583318
12 18 30 0.9514983351831299 0.9318257491675916 0.9199778024417314
11 18 31 0.624400871459695 0.5719680464778505 0.5586056644880174
25 18 24 0.6795098039215688 0.7165686274509804 0.7320098039215687
26 18 24 0.6938869665513264 0.7370242214532872 0.7582468281430219
22 19 22 0.7659863945578232 0.8108043217286914 0.8250500200080032
23 19 22 0.8053475935828878 0.8491978609625669 0.8762923351158647
23 18 25 0.3895576835385316 0.4019607843137255 0.4046055631554946
24 18 25 0.5023965141612201 0.5169498910675383 0.5200000000000001
23 19 23 0.5971288515406162 0.623529411764706 0.6335434173669469
27 19 23 0.7102550754815201 0.7646711782057957 0.7967725143154607
27 19 24 0.718706333107956 0.769754338517016 0.800563443768312
23 19 24 0.5113872779158611 0.5256743072815981 0.521863205376047
23 18 24 0.47941176470588237 0.49411764705882355 0.49901960784313726
26 19 24 0.7167755991285404 0.7609810949469393 0.7831752055660974
27 18 24 0.7372549019607844 0.788235294117647 0.8196078431372549
29 19 23 0.7160747317795041 0.7813355530891603 0.8263596004439512
30 19 23 0.7079283887468032 0.7717391304347825 0.82152600170503
24 18 24 0.6006820119352089 0.6275788576300085 0.6339727195225917
28 19 23 0.7202153018069972 0.7823452518262207 0.8219607843137254
25 19 24 0.6983249980154003 0.7350321505120267 0.7492895133762009
24 19 24 0.650592320261438 0.6776348039215687 0.6832720588235294
17 19 28 0.5624808788763732 0.5516339869281047 0.5525865665415103
18 19 28 0.5517683708997618 0.5459593183067619 0.5411947956752795
15 19 28 0.6744909502262443 0.5815422322775263 0.5861990950226244
18 19 27 0.9893137254901961 0.9620751633986929 0.9530718954248366
24 19 25 0.5992260061919505 0.6160474716202271 0.6181114551083591
13 19 29 0.9929411764705882 0.9951372549019608 0.9941960784313726
16 19 28 0.731805134424904 0.6805659995957146 0.6906893066504953
23 19 25 0.5086125589476296 0.52524199553239 0.5278481012658228
12 19 29 0.9583875459380494 0.8866351662900319 0.8835992604259398
15 19 29 0.14780658025922233 0.13128115653040878 0.1318544366899302
22 19 21 0.9411764705882352 0.9882352941176472 0.996078431372549
11 19 29 0.4802450980392157 0.4048774509803922 0.40014705882352947
12 19 30 0.8690809657196213 0.7937041483259971 0.7889955982392957
15 20 28 0.6614289551437013 0.6156056943325275 0.596266451786194
11 19 30 0.5475490196078431 0.47482298474945533 0.47073801742919386
19 19 27 0.9850361197110429 0.9523219814241486 0.9385964912280701
17 20 28 0.7967340127540378 0.797067763275523 0.7943262411347519
16 19 29 0.03123495012039904 0.02884072927416581 0.029638802889576883
23 20 22 0.8123366013071894 0.8512254901960784 0.8705882352941176
12 20 29 0.8878767071030749 0.8042114900434882 0.7929961089494164
19 19 28 0.7895297924995243 0.7861793260993719 0.775556824671616
13 20 29 0.9773809523809524 0.9782212885154061 0.9816526610644258
16 20 28 0.950843593251254 0.9445052439580484 0.9305821553427572
11 20 29 0.1463667820069204 0.13863898500576702 0.13690888119953865
23 20 24 0.5417392068935196 0.5529411764705882 0.5451156247252265
18 20 27 0.9971210706504824 0.9969187675070029 0.9950824774354186
19 20 27 0.9931200550395598 0.9832473340213279 0.9795837633298933
17 19 29 0.0 0.0 0.0
18 20 28 0.6343517251861985 0.634078127374981 0.6339261285909713
19 20 28 0.7676140118968937 0.7559814937210839 0.7592421238158186
11 20 30 0.2487394957983193 0.2175910364145658 0.21971988795518207
12 20 30 0.18068924539512776 0.17177658942364826 0.1701128936423054
15 20 29 0.30447712418300654 0.2837908496732026 0.274640522875817
16 20 29 0.0 0.0 0.0
25 20 24 0.7143609295570079 0.7500181554103122 0.7605664488017431
23 20 25 0.4887332710862122 0.5022408963585433 0.5014939309056955
36 19 21 0.6463667820069203 0.7038062283737023 0.7460207612456748
36 20 21 0.6427338013394657 0.697506656983781 0.73919147906076
35 19 21 0.6542099192618224 0.7185697808535179 0.7637831603229527
43 20 18 0.5738075695394437 0.47319653442772464 0.46861833105335154
35 20 21 0.6528990995539847 0.7173609357906252 0.760245729192965
31 19 22 0.6930247508839603 0.758277081324333 0.804050144648023
32 19 22 0.6900735294117647 0.7579656862745098 0.8058823529411765
33 19 22 0.677005347593583 0.7401069518716578 0.7885918003565062
42 20 19 0.5004382929642445 0.4198846597462514 0.41181853133410223
43 20 19 0.41726998491704376 0.3370286576168929 0.3294871794871794
42 20 18 0.6329411764705882 0.4564705882352941 0.4258823529411765
30 19 22 0.7061728395061728 0.7722585330428468 0.8222222222222223
32 20 22 0.6833203766087933 0.7495033255592987 0.7928651636866202
33 20 22 0.6793083478116986 0.7428642343013154 0.7913295275916276
22 20 20 0.935317741554453 0.9755256319395228 0.981053626269785
40 20 19 0.619635655680712 0.6323459880406063 0.6497010151578362
22 20 21 0.7639882096629501 0.7911059848776111 0.7963091118800462
34 19 21 0.6658823529411765 0.7286274509803922 0.7788235294117646
34 20 21 0.6604452307238685 0.7257555653840484 0.768656936458794
40 20 20 0.6054428668018931 0.6136578769438807 0.6239350912778903
30 20 23 0.7046191553544495 0.7687782805429866 0.8157239819004526
39 20 20 0.1797385620915032 0.18187134502923974 0.17992776057791535
27 20 23 0.72579185520362 0.7806938159879336 0.8094117647058822
28 20 23 0.7223355119825707 0.7827625272331156 0.8203747276688454
34 19 22 0.6721568627450981 0.7349019607843137 0.7866666666666666
34 20 22 0.6735472370766489 0.7369696969696969 0.7859180035650624
31 20 22 0.6917119789092108 0.7562860438292965 0.8025210084033615
21 20 19 0.8032035349351008 0.8112123722728528 0.8113228389947529
37 20 20 0.6120098039215687 0.6688725490196079 0.700735294117647
38 20 20 0.44230263533985015 0.48043217286914774 0.507665923512262
29 20 23 0.70906432748538 0.7749054007567941 0.8164774681802547
21 20 20 0.39196078431372544 0.39666666666666667 0.3968627450980392
27 20 24 0.7319255907491202 0.7828808446455504 0.8121920563097031
37 20 21 0.6279697064010789 0.6824774354186119 0.7217553688141923
41 20 19 0.43005592128548165 0.3887307991788773 0.3919161888582147
22 20 19 0.9306372549019608 0.978186274509804 0.9811274509803922
22 20 22 0.6059265811587793 0.6333480760725343 0.6426065162907268
30 20 22 0.696358543417367 0.7619047619047619 0.8095238095238094
23 20 23 0.585608223872073 0.6092137826004187 0.6155339805825243
26 20 24 0.7239819004524887 0.7664448584863809 0.7850057670126875
43 21 18 0.49304237824161923 0.4184376976597091 0.4021663504111322
19 21 16 0.842107347989701 0.8646068528421469 0.8921766686472569
20 21 16 0.6250169033130493 0.6439486139283299 0.6660806851476223
20 20 19 0.0 0.0 0.0
43 21 19 0.4989340702724043 0.4189498618239241 0.4075273062245031
19 21 17 0.1224400871459695 0.1111111111111111 0.11416122004357297
42 21 19 0.49837603753157705 0.43666546373150483 0.4409358835558764
39 21 20 0.18672224795429979 0.19008800370541912 0.18706191137872466
38 21 20 0.4189441930618401 0.45222724987430873 0.4781598793363499
41 21 19 0.5084545646215476 0.46970271979759654 0.4845315904139434
18 21 16 0.0 0.0 0.0
21 21 19 0.6762751021858895 0.6835140098335407 0.6835614003909721
40 21 19 0.5772046749734375 0.5825944170771756 0.5998068192794359
18 21 17 0.0 0.0 0.0
22 21 19 0.9085335542667771 0.9580226456779892 0.9631593482463406
24 20 24 0.6616221033868092 0.6833511586452763 0.6810516934046347
21 21 20 0.2767843137254902 0.2782745098039216 0.2788235294117647
13 21 29 0.9322352941176473 0.9427450980392155 0.9770457516339868
24 20 25 0.607843137254902 0.6235294117647059 0.6215686274509804
22 21 20 0.9335580065359478 0.9735702614379086 0.9787581699346406
17 21 28 0.9949082858950032 0.9923308032890575 0.9864326375711575
12 21 29 0.8665595931205246 0.7977514555310178 0.7911262798634813
31 20 23 0.6823529411764706 0.7490196078431373 0.792156862745098
31 21 22 0.6904278074866309 0.7547237076648841 0.8020142602495546
15 21 28 0.6314289744674848 0.5762166737198476 0.5571166596134857
22 21 21 0.6934755188625158 0.7189542483660131 0.7221878224974201
40 21 20 0.5814379084967319 0.5973856209150327 0.6047058823529412
18 21 27 0.9907667544629793 0.9738659642961662 0.9659496634474686
17 21 27 0.996078431372549 0.9803921568627452 0.9686274509803922
18 21 28 0.9872549019607844 0.9705882352941178 0.9612745098039216
11 21 29 0.0 0.0 0.0
16 21 28 0.9893868658574541 0.94807033924681 0.925552443199502
37 21 20 0.6193805058255186 0.6745098039215687 0.7128161409491331
23 21 22 0.8511204481792717 0.8925770308123251 0.9062324929971989
25 21 24 0.7968662464985996 0.8268732492997201 0.8328606442577032
32 21 22 0.6809923969587834 0.7456102440976391 0.7911324529811925
33 21 22 0.6750723918259287 0.7399023744518906 0.7848101265822786
22 21 22 0.6500452488687782 0.6809653092006034 0.6850377073906486
37 21 21 0.6309759858999779 0.6828596607182199 0.7219431592861864
35 21 21 0.6584810343351315 0.7173730627622227 0.7611953078174502
23 21 23 0.5243803181650017 0.5475027746947836 0.5545689974102849
36 21 21 0.6426208343419673 0.696151053013798 0.7365770999757928
34 21 21 0.6627218934911243 0.7270913098967396 0.7694628147116834
34 21 22 0.6695652173913044 0.7340153452685423 0.7794828076157998
23 21 25 0.4576168929110105 0.4688285570638511 0.4659376571141277
30 21 23 0.6937409024745268 0.7596369552187686 0.8001883722921483
31 21 23 0.6786620530565168 0.7449826989619378 0.785121107266436
29 21 23 0.7123039215686273 0.7781862745098042 0.8197058823529413
27 21 23 0.7271459694989107 0.7804793028322438 0.8079302832244007
28 21 23 0.7309837014974766 0.7920741292297511 0.8300488127740548
23 21 24 0.5487217671878878 0.5609166873500455 0.5501447836518574
27 21 24 0.7372549019607842 0.7866666666666666 0.8149784791965566
19 21 27 0.9898176814585484 0.9720123839009287 0.9684623323013416
26 21 24 0.7432515607139717 0.7844368240569772 0.8019519915589557
24 21 24 0.7539705882352941 0.7683823529411764 0.7559640522875816
19 21 28 0.0 0.0 0.0
19 22 16 0.7431915058513525 0.7582732697822213 0.8027900488258545
20 22 16 0.6789319983312473 0.6859129467389793 0.7043804755944931
18 22 16 0.0 0.0 0.0
19 22 17 0.0 0.0 0.0
43 22 18 0.514279299506062 0.5114952851369555 0.41799131866487044
42 22 19 0.5610186212849919 0.5732026143790849 0.48669379701566157
43 22 19 0.5865782932891466 0.5787903893951947 0.4477492405412869
40 22 19 0.6944022770398481 0.7921726755218217 0.8101359898798229
39 22 20 0.20969048776535404 0.2159293469453897 0.20555825636039535
40 22 20 0.7921568627450981 0.8058823529411765 0.7803921568627451
41 22 19 0.5759696579361672 0.6163303277515386 0.5522255617575498
38 22 20 0.4044789489399821 0.4368169602866528 0.46135164725788796
37 22 20 0.6191610821543807 0.6724249193348227 0.7135765698684537
37 22 21 0.6272783327167345 0.6779134295227525 0.7178197064989518
15 22 28 0.7387527233115468 0.6714596949891067 0.6454248366013071
13 22 29 0.9222333000997007 0.909272183449651 0.9444998338318379
12 22 29 0.9266580161476355 0.8240051903114187 0.8161043829296424
36 22 21 0.6406294706723891 0.6932761087267524 0.7372212404275014
35 22 21 0.6496732026143791 0.7046477850399419 0.747076978939724
17 22 28 0.9910998774509805 0.9554074754901961 0.9540747549019609
18 22 28 0.9915966386554622 0.9507002801120448 0.9282913165266107
21 22 19 0.710769767847792 0.7172746843544541 0.7182521673357771
18 22 27 0.9648395721925134 0.9454693998811646 0.9291146761734997
16 22 28 0.9896411394746578 0.9593192748797633 0.945778764335923
22 22 19 0.8986751457339694 0.945310015898251 0.9520932697403286
20 22 19 0.20970072239422086 0.21011351909184728 0.20970072239422086
21 22 20 0.3446078431372549 0.3475490196078431 0.34784313725490196
39 22 19 0.8190045248868778 0.8829562594268475 0.8141779788838615
44 22 18 0.3397316821465428 0.3533539731682146 0.2984520123839009
22 22 20 0.9334163294947609 0.9723207801639174 0.9766365805581494
34 22 21 0.666024538470359 0.7232886136910905 0.7673202614379083
19 23 16 0.6750163398692812 0.6615522875816995 0.6904738562091505
20 23 16 0.7384012066365008 0.7553544494720965 0.7596681749622926
34 22 22 0.6690311418685121 0.728892733564014 0.7754901960784313
22 22 21 0.7837862630432288 0.807338607957803 0.8102052516913198
33 22 22 0.674125650260104 0.7369187675070026 0.7872589035614248
18 23 16 0.0 0.0 0.0
32 22 22 0.6738695478191277 0.7366626650660264 0.7874189675870351
23 22 22 0.8598431372549019 0.8897254901960785 0.9101176470588236
24 21 25 0.6254901960784314 0.6333333333333333 0.6215686274509804
19 23 17 0.0 0.0 0.0
23 22 23 0.5144090663788451 0.5316064040295018 0.539377585896744
30 22 23 0.6835815871412942 0.748329546410839 0.7933013548767148
31 22 22 0.6621022179363549 0.7278902817957783 0.7696560591449695
22 22 22 0.750132485426603 0.7788023317435081 0.7833068362480127
29 22 23 0.7100864074443336 0.7743768693918245 0.8197407776669992
31 22 23 0.6662871600253004 0.7309297912713474 0.7755218216318782
27 22 23 0.7489395758303321 0.8027210884353742 0.8324929971988795
28 22 23 0.7330250877643631 0.7912150012843565 0.8270228615463652
27 22 24 0.7577866748793758 0.805728364644287 0.8340622112719434
23 22 24 0.5571556423399234 0.5665934423561957 0.5549914571637784
26 22 24 0.8046057571964957 0.8406341259908219 0.8537004589069672
25 22 24 0.9351205969113311 0.9502689571403784 0.9454277286135694
15 23 28 0.7947804473902238 0.7749240541286938 0.7474730737365368
12 23 29 0.8981068289384722 0.7988505747126438 0.7836713995943206
13 23 29 0.9356209150326796 0.9321895424836603 0.9558823529411765
24 22 24 0.809554367201426 0.8193761140819965 0.8023172905525847
19 22 27 0.9861321948134092 0.9753953194180898 0.9688172043010752
23 22 25 0.4735623108303724 0.48232662192393744 0.4778523489932886
24 22 25 0.6533333333333333 0.6615686274509803 0.6494117647058824
17 23 28 0.9925636644699374 0.9810755837604751 0.9674070458058743
18 23 28 0.9869969040247678 0.9438596491228071 0.9199174406604748
16 23 28 0.9924328249818447 0.9788525780682644 0.952723311546841
43 23 18 0.314326090796679 0.3357828416651946 0.36276276276276276
44 23 18 0.17603485838779956 0.18068264342774149 0.19433551198257085
43 23 19 0.3444982698961937 0.36747404844290654 0.38901960784313727
42 23 19 0.34749030531432623 0.37564039543393957 0.3966901523840734
40 23 19 0.3001905464380109 0.31891327063740854 0.3406232712520744
39 23 19 0.28825205295793527 0.3009887715770068 0.3157030333500922
39 23 20 0.3149664929262845 0.3319765036816414 0.34708364358401583
41 23 19 0.3061947856065503 0.33040293040293034 0.34655246714070237
38 23 20 0.41839820505316555 0.45222905082430986 0.47843137254901963
37 23 20 0.614475201845444 0.6644752018454441 0.705594002306805
37 23 21 0.6174521270496501 0.6677445247104691 0.7046898291480335
36 23 21 0.6347385620915031 0.6873529411764705 0.7296568627450978
21 23 19 0.7653686826843413 0.7772438552885942 0.7783043358188347
20 23 17 0.0 0.0 0.0
35 23 21 0.6465202389968863 0.7014221997811999 0.7423209627198519
12 23 24 0.5841354723707664 0.4471657754010695 0.43087344028520497
22 23 19 0.9344226579520698 0.9819172113289761 0.9847494553376906
20 23 19 0.20392156862745098 0.20462543991955756 0.2032176973353444
12 23 25 0.8848039215686275 0.6660130718954248 0.6332924836601306
21 23 20 0.54960058097313 0.5520697167755991 0.5522149600580973
13 23 26 0.8389865036923859 0.7224598930481283 0.7032340208810798
13 23 25 0.9263529411764705 0.7217254901960782 0.6850196078431372
22 23 20 0.931216577540107 0.9631461675579321 0.968048128342246
34 23 21 0.6645228758169935 0.7194248366013072 0.7648366013071894
13 23 27 0.7885288874908252 0.641522491349481 0.6280801090489672
13 23 28 0.7208333333333334 0.6635416666666666 0.6680147058823529
34 23 22 0.6610875277946231 0.7164746310895492 0.7593693147362037
33 23 22 0.6608161963972582 0.7161645145863221 0.7576916945640044
42 23 18 0.29960784313725486 0.311843137254902 0.3301960784313726
22 23 21 0.7917692658458733 0.8120383036935706 0.8152758777929777
19 23 27 0.9745943867743176 0.9630449826989619 0.9482045367166475
19 24 16 0.7596127247579529 0.7211780977951346 0.7324871857456677
18 23 27 0.8226388563393485 0.7930942895086323 0.7858761034294196
20 24 16 0.867578659370725 0.8701930384556923 0.8607995136038911
22 23 22 0.8109025170351828 0.8380753719927688 0.843776943401474
18 24 16 0.0 0.0 0.0
32 23 22 0.6448112841974735 0.6983647213826242 0.7406184608230644
19 24 17 0.0 0.0 0.0
23 23 22 0.8787723785166242 0.9082693947144075 0.9198635976129583
23 23 23 0.6855334259688128 0.7043693067778294 0.7134167052647831
31 23 22 0.5606971677559913 0.60921568627451 0.6450762527233116
30 23 23 0.6628073451602864 0.7213818860877684 0.762776221599751
12 24 24 0.6489096573208724 0.5502840388491843 0.5226681326736301
29 23 23 0.6903040115128619 0.746753013131858 0.7845116028062603
31 23 23 0.6440896358543416 0.701064425770308 0.743921568627451
28 23 23 0.7252958841194137 0.7787670022964142 0.808514396749691
43 24 19 0.4851001939237234 0.5160741219564748 0.5406916612798965
23 23 24 0.5321553716543651 0.5390889435622158 0.5285767538954745
12 24 25 0.8947570332480818 0.7244884910485934 0.6703324808184143
42 24 19 0.500685588920883 0.5341149047031399 0.5589880707527767
40 24 20 0.5255961844197137 0.5650238473767885 0.5938880056527114
40 23 20 0.4458704693998811 0.47130124777183596 0.49387997623291746
39 24 20 0.5475879240585122 0.5916122004357297 0.6253345782757547
44 24 18 0.4079844550432787 0.4294647588765235 0.4500264970853205
27 23 24 0.8111445508435934 0.8518194254445967 0.8700227998176014
27 23 23 0.7643598615916956 0.8168396770472895 0.8452133794694349
41 24 19 0.5096429616622767 0.5456540825285336 0.5711296458882059
13 24 26 0.9337240431227842 0.7787569640402286 0.7316691990449316
44 24 19 0.44167740088736224 0.4661227994847573 0.48750536711034775
25 23 24 0.9536873156342184 0.9631788998785356 0.9606802012840535
26 23 24 0.9457051439822792 0.961735991467717 0.9613421937812784
44 23 19 0.269281045751634 0.2797385620915033 0.2875816993464052
38 24 20 0.5713946869070208 0.6217583807716632 0.657099936748893
40 24 19 0.5207843137254902 0.5594117647058823 0.5876470588235293
24 23 24 0.8866365007541479 0.8924685771744595 0.8753343388637509
13 24 25 0.8837789661319072 0.7186147186147186 0.6874968169085816
37 24 20 0.5945985941546431 0.6444691083980763 0.6836108028116907
37 24 21 0.6015848826577261 0.6515290053845373 0.6892207660266181
23 23 25 0.5356695869837297 0.5430399109998609 0.5344736476150744
24 23 25 0.6877450980392157 0.6957843137254902 0.6815686274509803
36 24 21 0.6203298055623923 0.6713430141931249 0.7084748543768972
13 24 27 0.9608656740704582 0.827337075909202 0.7825400699698968
35 24 21 0.6372467659262874 0.6912212187779675 0.7280286388414285
30 23 21 0.6671094244149272 0.7266603415559773 0.7676470588235296
18 24 28 0.9887005649717516 0.9659687603855103 0.9205716184778997
17 24 28 0.9941018342820999 0.9891049968374447 0.9782099936748893
20 24 17 0.0 0.0 0.0
31 23 21 0.6402073473067389 0.6892945684020734 0.7177372098264593
16 24 28 0.9925993743801024 0.9787136644541086 0.9387502861066606
30 23 22 0.5748194014447884 0.6266253869969038 0.663983488132095
28 23 21 0.6584362139917697 0.717840716533527 0.7518760590656016
15 24 28 0.8082402581285679 0.7897741375031024 0.7292876644328617
29 23 21 0.6554838709677421 0.7163314358001266 0.7532447817836811
26 23 21 0.7729512317747612 0.8309703368526897 0.8427350427350425
27 23 21 0.6924210819079406 0.7546377416214713 0.7900709219858155
13 24 28 0.9161107742065899 0.8665049524964624 0.8683646654538103
29 23 22 0.6658823529411764 0.7223529411764706 0.7631372549019607
34 24 21 0.6406504065040649 0.6943408257611986 0.7295392953929537
34 24 22 0.6481203007518798 0.7004275394368273 0.7379920389208315
33 24 22 0.6398852223816355 0.6895743663318986 0.7219352781763111
21 24 19 0.8555160525748761 0.8668174962292609 0.8679918121094593
20 24 19 0.09727028066128413 0.09757785467128027 0.09680891964628989
30 24 21 0.6886567711196628 0.7334616089426423 0.7543338830859446
31 24 21 0.621155830753354 0.6538011695906433 0.668231854145167
21 24 20 0.5641456582633053 0.5676190476190476 0.5673949579831933
22 24 20 0.942090017825312 0.969162210338681 0.9735294117647059
28 24 21 0.7323892519970951 0.7787944807552653 0.7959876543209877
41 24 20 0.5137254901960784 0.5450980392156862 0.5647058823529412
28 24 20 0.7468805704099825 0.7925133689839575 0.8110516934046348
31 24 22 0.024019607843137253 0.025571895424836604 0.026062091503267975
29 24 21 0.7112790070156503 0.757942075912934 0.7790609821910416
27 23 20 0.6995098039215685 0.768954248366013 0.8109477124183005
26 23 20 0.8480392156862745 0.9235294117647059 0.9406862745098039
26 24 20 0.9825518613242401 0.9949417448138677 0.994202898550725
27 24 20 0.8126149574874199 0.8569668575394761 0.8758459135866737
32 24 22 0.5870901960784313 0.6240156862745098 0.6473254901960783
22 24 21 0.8189505969985761 0.8369372329937562 0.8404425457333772
19 25 16 0.7532250909413539 0.7063792032650165 0.7114896637387987
26 24 21 0.3182109445085224 0.31949250288350634 0.3191849288735102
27 24 21 0.6941176470588235 0.7529411764705882 0.788235294117647
20 25 16 0.876329411764706 0.8660392156862745 0.8511058823529413
19 24 27 0.9277139208173691 0.9261963789347157 0.9139208173690934
12 25 24 0.6183823529411765 0.5017156862745098 0.47552790346907986
18 24 27 0.7561118064246976 0.749453483521068 0.7287108886107635
18 25 16 0.11816993464052288 0.11398692810457517 0.11529411764705882
22 24 22 0.849973971889641 0.880409508936318 0.8838105153565852
20 25 17 0.6676470588235296 0.6055555555555555 0.5800653594771241
12 25 25 0.839719887955182 0.6824929971988795 0.6336134453781511
23 24 23 0.7628186274509804 0.7823039215686274 0.783235294117647
22 23 23 0.0 0.0 0.0
22 24 23 0.5818531334102268 0.6006920415224913 0.5975394079200308
13 25 25 0.8760935143288086 0.7384615384615383 0.6920060331825038
13 25 26 0.9228228943399222 0.7982376756370563 0.7463681829006905
27 24 24 0.9253493013972057 0.9476341434777505 0.951297405189621
40 25 20 0.5477053524112347 0.5869634340222575 0.6223635400105986
23 24 24 0.5624990077002461 0.5694371675795823 0.5586568230531079
39 25 20 0.5521800281293953 0.6003143873583188 0.6350293703979479
44 25 18 0.4260987153482082 0.4586883029073699 0.48081135902636907
26 24 24 0.9599867065470258 0.9709205716184781 0.9686440677966104
42 25 19 0.520121554156718 0.559756891686564 0.5927067505969177
43 25 19 0.501385961550744 0.5392603947116306 0.570058120968257
44 25 19 0.48159740960604425 0.5184025903939558 0.5475085447022844
25 24 24 0.9719352088661554 0.9772378516624043 0.9745439045183293
38 25 20 0.5617647058823529 0.6126808100289294 0.6471552555448408
41 25 19 0.5292857705331128 0.5700448854240491 0.6006299708638476
24 24 24 0.9345379982058184 0.9388696655132642 0.9267461232859157
13 25 27 0.9498698594482042 0.847128231823703 0.8109318063508589
24 24 25 0.712450980392157 0.7207843137254903 0.7023529411764706
37 25 20 0.5760649087221095 0.6270453008789723 0.6624070317782286
40 25 19 0.5406465288818232 0.579862215156333 0.6149443561208269
23 24 25 0.5361494933543887 0.5429135412554285 0.5313330701408079
37 25 21 0.58762677484787 0.638562091503268 0.6724363308541809
36 25 21 0.61616368286445 0.667075873827792 0.7025063938618924
18 25 28 0.989527104959631 0.9755940023068048 0.9337485582468279
17 25 28 0.9904894241161031 0.9670989655704801 0.9331635016211209
35 25 21 0.6420660856935366 0.6929557007988381 0.7286129266521423
16 25 28 0.991118800461361 0.967358708189158 0.9318668643928161
13 25 28 0.9188627450980394 0.8664313725490197 0.8641960784313725
15 25 28 0.7421248237857233 0.6747148532615661 0.6397795719595026
19 25 17 0.0 0.0 0.0
42 25 17 0.0 0.0 0.0
34 25 21 0.6393650793650792 0.6903454715219423 0.7217927170868347
21 25 19 0.8218354797540319 0.831407355841745 0.8326255946165448
34 25 22 0.6429395287526773 0.693194925028835 0.7245674740484427
33 25 22 0.633359477124183 0.6740392156862747 0.699660130718954
20 25 19 0.2044587698092936 0.20461993016384636 0.20316948697287135
19 26 16 0.7043471005423446 0.657555277430121 0.6602753441802254
30 25 21 0.7026324341891453 0.7452713682157945 0.7609576427255986
31 25 21 0.6243174781874472 0.65103668261563 0.6569659442724458
21 25 20 0.4743529411764706 0.4767058823529412 0.4765490196078431
20 26 16 0.8593695706130553 0.8536113179448995 0.8370811615785554
28 25 21 0.7854715219421101 0.8242577030812326 0.833762838468721
22 25 20 0.9494286057981475 0.9724768434981356 0.9771682906291351
29 25 21 0.7324106113033448 0.7755478662053058 0.7907535563244907
31 25 22 0.14209919261822376 0.14625144175317187 0.1471741637831603
18 26 16 0.0 0.0 0.0
19 25 27 0.929847494553377 0.906092148793674 0.8956023561688052
27 25 20 0.9835986159169551 0.9867589388696655 0.9875663206459055
26 25 20 0.9989729225023342 0.9980392156862746 0.9989729225023342
22 25 21 0.8652349828820418 0.8798008092125738 0.8822491959746862
27 25 21 0.8932773109243699 0.9175070028011204 0.9218487394957984
20 26 17 0.5130718954248367 0.4836601307189542 0.46392156862745093
26 25 21 0.32062454611474217 0.32038247397724523 0.3203340595497458
19 26 17 0.0 0.0 0.0
18 25 27 0.8573849640358656 0.8465267514040791 0.8298354517686471
32 25 22 0.5790616246498599 0.6006302521008402 0.6090861344537816
12 26 24 0.7116557734204795 0.614106753812636 0.5762345679012346
22 25 22 0.8398431372549021 0.859372549019608 0.8623921568627451
13 26 25 0.9021895424836601 0.7435947712418302 0.6917320261437909
12 26 25 0.9310457516339871 0.7931917211328976 0.7362745098039215
42 26 17 0.0 0.0 0.0
13 26 26 0.9266253869969041 0.8009730207872623 0.7593837535014005
40 26 20 0.5367156862745098 0.5797712418300651 0.6149673202614377
23 25 23 0.7387631975867269 0.7559303441656382 0.7548059783353901
39 26 20 0.5402879901960784 0.5859987745098039 0.6206954656862742
22 25 23 0.654279489573607 0.6720821661998131 0.6731403672580143
43 26 19 0.48840402629894686 0.5277593529993599 0.5627392796881362
42 26 19 0.5072908036454018 0.5473211819939242 0.5800883733775201
38 26 20 0.5508669583535893 0.6018311456814129 0.6369956246961592
13 26 27 0.9900452488687782 0.9550075414781296 0.9204524886877827
23 25 24 0.60975874220656 0.6185054667028101 0.6018613897171773
44 26 18 0.4459546925566343 0.48503712164477436 0.5145059965733866
41 26 19 0.5249121162409187 0.5647840012499024 0.598406374501992
44 26 19 0.477995642701525 0.5172113289760347 0.5523602033405953
37 26 21 0.5649744829438623 0.6154534873310054 0.6484197331900796
37 26 20 0.56385336743393 0.6148337595907928 0.6501278772378515
27 25 24 0.9501897533206832 0.9652118912080964 0.964990512333966
40 26 19 0.5354449472096531 0.5752639517345398 0.6105580693815986
25 25 24 0.9764150943396228 0.98094709581946 0.979337772844987
26 25 24 0.970240217299041 0.9800356506238861 0.9797810033104153
24 25 24 0.9864667435601695 0.9872356785851597 0.9805459438677432
36 26 21 0.6022151119862169 0.6530970547214702 0.688079415866765
17 26 28 0.9929620517408484 0.9882203832103185 0.9690300454782673
18 26 28 0.9908344733242136 0.9699498404012767 0.9387140902872776
23 25 25 0.5113349449368789 0.5169486972871341 0.504351329572925
24 25 25 0.75769358590894 0.7658690594882018 0.7450980392156863
35 26 21 0.6368010959842452 0.6866855038958813 0.7198904015754772
16 26 28 0.9655123339658445 0.9150379506641367 0.8881720430107528
13 26 28 0.9033496732026145 0.8695261437908498 0.8670343137254902
15 26 28 0.6045051353874883 0.5330298786181139 0.5047385620915033
34 26 21 0.63921568627451 0.6874232521291347 0.7187958011487424
21 26 19 0.8908607510800931 0.9018500055389389 0.9022931206380856
34 26 22 0.6507949125596185 0.6937201907790144 0.7228404875463699
20 26 19 0.5484467944481163 0.5490636704119851 0.5446574135272088
33 26 22 0.6351540616246497 0.6683317771553066 0.6873793962029257
30 26 21 0.7048144257703081 0.7532212885154063 0.7821603641456584
21 26 20 0.5028486866444691 0.5052164261931188 0.5055863854975953
31 26 21 0.5472195435551269 0.5696560591449694 0.5767920282867245
41 26 20 0.5282913165266107 0.569187675070028 0.6039215686274509
22 26 20 0.955837789661319 0.9789438502673797 0.9819741532976827
27 26 20 0.9945517138152973 0.9950755874869033 0.9953450082323007
26 26 20 0.82318237029325 0.8316501821967726 0.8362137775464169
28 25 20 0.996078431372549 0.996078431372549 0.996078431372549
28 26 20 0.9978256649194331 0.9973985633857503 0.996913220733838
28 26 21 0.8685963274198567 0.8965452847805789 0.907687519452225
31 26 22 0.0 0.0 0.0
26 26 21 0.39486139283299526 0.39553752535496955 0.39574036511156185
29 26 21 0.7309762202753441 0.779078014184397 0.8042344597413433
19 26 27 0.9562792591084878 0.95190989890766 0.9333876110998033
22 26 21 0.8625695054141059 0.8746268656716418 0.8758560140474101
32 26 22 0.5340552957584707 0.5480351136270406 0.550496349167282
19 27 16 0.708341369334619 0.64651237544198 0.6472999035679847
18 26 27 0.6795835860117243 0.6668485951081464 0.6543763897311502
20 27 16 0.9201864352298298 0.9144648023143686 0.9205721632915461
23 26 23 0.7140777268991428 0.7328636843959141 0.7254197487378186
22 26 22 0.7956762192056309 0.8110273169096699 0.8110943522708229
18 27 16 0.0707516339869281 0.06568627450980392 0.06437908496732025
20 27 17 0.5662957074721781 0.5303656597774246 0.518494965553789
19 27 17 0.0 0.0 0.0
12 27 24 0.6698573975044564 0.53873440285205 0.49188948306595365
42 27 19 0.39995915032679735 0.4245915032679739 0.4439950980392156
43 27 19 0.4526506899055919 0.4877511498426532 0.5168240135560397
32 26 20 0.4612105711849957 0.4913895993179881 0.5111395282750781
22 26 23 0.6127024722932651 0.6280477408354647 0.6221653878942882
44 27 18 0.36172385620915043 0.392687908496732 0.41486928104575166
23 26 24 0.6573705741289323 0.6652842431936804 0.6474961207504585
45 26 18 0.22745098039215686 0.24901960784313726 0.2607843137254902
40 27 20 0.483921568627451 0.5208156862745098 0.5502117647058823
45 27 18 0.17892156862745096 0.1958333333333333 0.20502450980392156
31 26 20 0.5183796595561301 0.5466494290023701 0.564274940745529
41 27 19 0.3726373432255785 0.39319908143437554 0.41248895954778303
39 27 20 0.42657703081232495 0.452750700280112 0.47574229691876746
27 26 24 0.9577964519140989 0.9700680272108845 0.9700947045484862
44 27 19 0.43171730230553773 0.4648998060762767 0.49299719887955173
12 27 25 0.9831852165326563 0.8432783185216532 0.7879249541543235
13 27 25 0.9562250916626815 0.8658377172007015 0.8116371751952814
25 26 24 0.9830499024254252 0.9861351175541307 0.9819533500604034
13 27 26 0.9466790668836704 0.8644191273347285 0.8181508176393087
26 26 24 0.9792189006750243 0.986531661845066 0.9854709096753457
41 27 20 0.4994652406417112 0.5333333333333333 0.564349376114082
24 26 24 0.996936274509804 0.99640522875817 0.9925245098039216
38 27 20 0.3936638410822844 0.41840911036903844 0.4402260467505779
24 26 25 0.7980392156862745 0.8060113519091846 0.7847007223942208
23 26 25 0.4838740344622698 0.4880570409982175 0.47496137849079023
37 27 20 0.29243018419489003 0.2926678550207962 0.30115270350564466
37 27 21 0.47047930283224404 0.5026143790849672 0.5288671023965141
36 27 21 0.4724170437405731 0.49960407239819 0.520682503770739
13 27 27 0.9640050697084919 0.8878848877954223 0.848594646984269
29 26 20 0.833511586452763 0.8683303624480094 0.8849673202614378
32 27 17 0.41757618710134653 0.4427474604299551 0.46065438223482164
35 27 21 0.5195121951219511 0.549689143950263 0.5684481109516978
32 27 18 0.38018331592992227 0.4078199327068106 0.4290520942104652
38 27 15 0.21863430686960095 0.16798299739476205 0.12450294803235976
39 27 15 0.2146552517720703 0.1783301113872779 0.14817269630857036
37 27 15 0.21243378868134927 0.15675123129820642 0.10158907164761635
32 26 18 0.5403651115618661 0.5860040567951317 0.6207910750507099
40 27 16 0.24388767852820134 0.22558702493343014 0.21072379569111593
17 27 28 0.9864083786124892 0.9554925584691708 0.9276163477439169
18 27 28 0.9951289989680085 0.994262125902993 0.9648297213622292
36 27 15 0.19848039215686272 0.13725490196078427 0.07730392156862742
41 27 16 0.2237207077953132 0.20420851267336199 0.18866571018651357
27 27 17 0.5442556281771967 0.5711837327523601 0.5891938997821351
43 27 17 0.1891956782713085 0.16958783513405357 0.16246498599439774
16 27 28 0.964878892733564 0.9036188004613611 0.8773068050749712
32 26 19 0.45228758169934635 0.48663761801016703 0.5116920842411039
40 27 15 0.27075163398692803 0.25081699346405223 0.2282679738562091
40 27 17 0.26456140350877183 0.24406604747162017 0.23389060887512894
26 27 17 0.3759645793801392 0.3890575585072739 0.39645793801391527
27 26 17 0.7145098039215687 0.7474509803921568 0.769673202614379
36 27 16 0.2520098039215686 0.21418300653594766 0.18571895424836599
37 27 16 0.2912866921916695 0.2667362803109409 0.24715164172177745
38 27 16 0.28889662373825264 0.2637660981552383 0.24204664114166372
13 27 28 0.8947303921568628 0.8251225490196078 0.814031862745098
42 27 17 0.23135422393256364 0.2138171156312992 0.20183250870441632
26 26 17 0.7859943977591035 0.8248366013071896 0.8530345471521942
35 27 16 0.23329298797708378 0.18324860808520935 0.145436940208182
41 27 17 0.2637816360024185 0.24294722294204021 0.22948950505312257
43 27 18 0.20114911080711348 0.19255813953488368 0.19436388508891925
39 27 16 0.27361541107671133 0.25061346175897253 0.23384932920536633
15 27 28 0.6511146924523233 0.5696212731668009 0.5374966424926134
26 26 18 0.5994350282485876 0.6187437686939181 0.6285144566301097
27 26 18 0.639789574366332 0.6590626494500239 0.6663318986131038
42 27 16 0.25228758169934634 0.2287581699346405 0.20915032679738554
21 27 19 0.9301533794033373 0.9422664194617676 0.9432102927130738
32 27 19 0.25058823529411767 0.2701960784313725 0.28392156862745094
39 27 17 0.27181509475298493 0.25179099572790004 0.23943476832073612
20 27 19 0.48167680865449636 0.48158665765156644 0.4791976560739239
31 26 19 0.5699346405228758 0.607516339869281 0.6352941176470587
34 27 21 0.6617508975421154 0.703893951946976 0.7273128969897819
34 27 16 0.25143592790651603 0.19607843137254893 0.14394929689047328
34 27 22 0.6610322289835475 0.6991661032228984 0.718616182105026
26 27 18 0.5151779230210604 0.5297022512708788 0.5400145243282499
27 27 18 0.43809523809523804 0.4593837535014006 0.46834733893557423
40 27 18 0.26322961617079255 0.2434703611174199 0.2397456279809221
41 27 18 0.2607383578431372 0.23972120098039218 0.23255208333333335
42 27 18 0.2387096774193548 0.22476632229952911 0.21824443038864288
39 27 18 0.2751726042529687 0.25640706987020156 0.24914388290527476
26 26 19 0.8416305469556244 0.8580392156862747 0.8653869969040249
35 27 17 0.30412267471091 0.2827300150829562 0.2634238310708898
36 27 17 0.2938159879336349 0.2743937811811114 0.2595428704025989
37 27 17 0.28945353289244685 0.26984568975519196 0.2557141199675136
38 27 17 0.28685462350620716 0.2672931894651351 0.25033066481030275
33 27 22 0.6405379009841484 0.6694463225903386 0.683885508226279
34 27 17 0.34770673486786025 0.3069565217391304 0.26455242966751913
27 26 19 0.5127748068924539 0.5165775401069519 0.514676173499703
38 27 18 0.2847494553376906 0.26806463326071167 0.2553921568627451
21 27 20 0.6107288198298187 0.6150943396226415 0.6153903070662228
37 27 18 0.28734402852049906 0.26786987522281636 0.25730837789661315
37 27 19 0.2800059417706476 0.2613042186571598 0.25753119429590016
22 27 20 0.95690756302521 0.9770980392156863 0.9761344537815125
36 27 19 0.28793103448275853 0.26705544286680183 0.26257606490872204
30 27 20 0.7059610466260083 0.7597875270509542 0.7899927864122237
31 27 20 0.6471548619447778 0.6874589835934374 0.7044577831132455
31 27 21 0.4459292412617221 0.459228473998295 0.461615515771526
30 26 20 0.7007541478129713 0.7514328808446457 0.783107088989442
32 26 21 0.4835729847494552 0.5046623093681917 0.5135511982570806
38 27 19 0.27532116294793774 0.26235873659808745 0.25677581377378533
30 27 21 0.6823529411764706 0.7333333333333333 0.7647058823529411
39 27 19 0.2728104575163398 0.26368191721132894 0.2606753812636165
40 27 19 0.24318954248366006 0.23871895424836595 0.24128104575163392
28 27 20 0.9847250788427259 0.9873166049636638 0.987590840532017
35 27 19 0.31895424836601294 0.29225853304284666 0.2682643427741466
35 27 18 0.3043740573152337 0.2852941176470588 0.2683006535947712
36 27 18 0.28887341919016124 0.2684766214177978 0.2591251885369532
29 27 20 0.9379984409666008 0.9505666486778197 0.9552437488756971
27 27 15 0.6002450980392157 0.6282212885154062 0.6525910364145658
32 27 21 0.5517260425296878 0.5586854460093896 0.5533278099972384
27 27 16 0.5911519607843138 0.6350980392156863 0.6631617647058824
22 27 21 0.8397514196935606 0.8501446480231436 0.8505946640951461
34 27 18 0.3587373410902823 0.3171083818142641 0.26619263089851314
32 27 16 0.453512037726483 0.464259121370067 0.4740630429386945
26 27 20 0.6743019469271808 0.6627173837732974 0.6589343864754382
27 27 20 0.89760348583878 0.9204625439919558 0.9301323948382773
36 27 20 0.29166666666666663 0.2806265984654731 0.2789641943734015
35 27 20 0.267009617535227 0.24813240885707893 0.23240140162528886
39 28 15 0.17000167588402876 0.1220043572984749 0.08672699849170433
26 27 16 0.8823529411764706 0.9254901960784314 0.9568627450980391
37 28 15 0.21970427515268404 0.16104146576663447 0.10430729668916743
38 28 15 0.1896378989552025 0.13985973951624442 0.08626019750966074
19 27 27 0.9680301259576679 0.9684326710816779 0.9598363848850798
22 27 22 0.8755057578586991 0.8878929349517585 0.8901027077497666
38 27 21 0.32810457516339864 0.3450980392156862 0.35816993464052277
23 27 23 0.7143366437484084 0.7243952126305068 0.7234530175706646
34 27 19 0.3569747899159664 0.3104761904761905 0.26476190476190464
33 27 17 0.2081045751633987 0.2172549019607843 0.2222222222222222
36 28 15 0.2084967320261438 0.15383986928104573 0.10179738562091499
12 28 24 0.7361547333865675 0.715499955638364 0.70204950758584
32 27 22 0.47025656033557706 0.47975807238318213 0.476694956589601
36 28 16 0.20012128562765308 0.14548211036992112 0.10183949868607231
18 27 27 0.5252911316810989 0.5246939384891014 0.5141236189907435
26 27 21 0.5094117647058823 0.49746880570409974 0.4906595365418894
35 28 16 0.22557544757033243 0.16832054560954812 0.10930946291560098
22 27 23 0.7774801009512716 0.788002329644729 0.7907202484954379
23 27 24 0.6404532304725168 0.6492767598842814 0.6325779492124718
12 28 25 0.9759191176470589 0.9485906862745098 0.9296262254901961
34 28 16 0.2497134238310708 0.19063348416289588 0.13882352941176468
13 28 25 0.9770739064856713 0.9423831070889896 0.9281447963800905
25 27 24 0.9791249250792021 0.9822587550303967 0.9769158318349175
13 28 26 0.9938249926836408 0.9804360550190225 0.967910447761194
24 27 24 0.9976213436194152 0.9974284795885567 0.9936997749919643
24 27 25 0.841296030607365 0.8482305117168818 0.8245098039215686
23 27 25 0.47403921568627455 0.47720261437908496 0.4630849673202615
27 28 15 0.8516057233704293 0.8540434552199259 0.8577742448330684
27 27 24 0.9584313725490198 0.9715196078431372 0.9717892156862746
32 28 16 0.4618063441592853 0.48423044893633127 0.5028541146188206
35 28 21 0.48273800476262857 0.5067132796270963 0.519754775295131
13 28 27 0.9440327312027171 0.8753435232360662 0.8414852555195307
36 28 21 0.36715686274509807 0.3681372549019607 0.36862745098039207
26 27 24 0.9812279009964642 0.9857280617164901 0.9842333654773386
33 27 16 0.5274509803921568 0.5299719887955182 0.5327731092436975
33 28 16 0.25032679738562097 0.23405954974582432 0.22287581699346395
34 28 18 0.3611989289107713 0.31426103481039996 0.25771788891768155
19 28 16 0.8320234976581726 0.7390648567119158 0.738763197586727
20 28 16 0.795743254566784 0.7018937489525725 0.6722976370035192
17 28 28 0.9801196154137332 0.926822620940268 0.8998712998712999
16 28 28 0.9586267220642904 0.8725125738027555 0.8456884612581094
18 28 16 0.49579831932773105 0.46078431372549017 0.4568627450980392
20 28 17 0.7088861076345431 0.5952440550688362 0.572215269086358
19 28 17 0.0 0.0 0.0
15 28 28 0.615346405228758 0.5477385620915033 0.5114509803921569
28 27 19 0.8315177923021059 0.8653594771241828 0.8795933188090052
28 28 19 0.8711354309165527 0.9037847697218423 0.9167046663626691
27 28 14 0.9954425013248545 0.9959017841370779 0.9942059706765587
28 28 14 0.9829201101928375 0.9855614973262032 0.983065953654189
30 28 20 0.7399380804953563 0.7942208462332303 0.8233230134158928
31 28 20 0.5238942088463292 0.5493616051071591 0.5572047423620612
29 27 19 0.996078431372549 1.0 0.996078431372549
29 28 19 0.9855791962174941 0.9890696704213601 0.9890835766930887
29 28 20 0.9968627450980392 0.996078431372549 0.9966013071895425
27 28 19 0.8542542542542544 0.8554790084201849 0.8551845963610669
29 28 14 0.7029059829059829 0.7346204122674711 0.7531422825540471
27 27 19 0.9594331850387217 0.9707365299060803 0.973900148294612
28 28 15 0.9918445254207878 0.9950026028110359 0.9950373069581815
30 28 15 0.7593629591574623 0.8331535234181011 0.8797499785940577
31 28 15 0.6897475330001281 0.7383826733307701 0.7704472638728694
34 28 17 0.3588573360378634 0.3078431372549019 0.25775862068965516
30 28 14 0.625648323845667 0.6524035420619861 0.6675521821631878
29 28 15 0.8302086131256156 0.9015847434864358 0.9465126689945386
32 28 15 0.598001362707245 0.613203119085472 0.6238019532137179
26 27 19 0.9992156862745099 0.9976470588235294 0.996078431372549
22 28 21 0.8226445449974862 0.8301860231271996 0.8306485671191555
26 28 20 0.34990196078431374 0.34990196078431374 0.34990196078431374
27 28 16 0.7522935779816511 0.7754272351142292 0.7789890268033818
31 28 16 0.7852474323062558 0.8573295985060692 0.9013666072489603
23 28 23 0.7557303135157806 0.7641816084722658 0.7585404215162002
34 28 22 0.6646852425180599 0.6953973168214654 0.7027450980392156
18 28 28 0.9830861040068202 0.946973572037511 0.9080306905370846
13 28 28 0.8832054560954815 0.7858482523444159 0.7578289286729185
21 28 19 0.9362689708651822 0.9457959454968428 0.9457405561094495
20 28 19 0.31651812240047533 0.3163992869875223 0.31330956625074274
19 28 27 0.8449642171408625 0.8432652586257054 0.8210391575027637
34 28 19 0.35678875323714376 0.313873473917869 0.27044025157232704
35 28 19 0.35286810376324446 0.31484593837535013 0.2754110339788089
21 28 20 0.4365569956796278 0.43728813559322033 0.43728813559322033
18 28 27 0.48731124633761547 0.4804146946134776 0.4680414694613477
27 28 18 0.9958296751536435 0.9960491659350309 0.9961076968100675
28 28 18 0.940682011935209 0.9586871270247229 0.9662404092071611
22 28 20 0.9574831062368452 0.97115320704553 0.972150216018611
35 28 20 0.268609125893348 0.25173172072567346 0.23589884551951615
30 28 19 0.8231464460784312 0.8650275735294118 0.8848651960784315
26 28 19 0.6392156862745098 0.639279974284796 0.6391513982642236
31 28 19 0.669678328847879 0.7168653082147892 0.7383570421632706
23 28 25 0.47585566771087134 0.4793131453764938 0.4658313029353754
27 28 24 0.9511138486808337 0.9537008520685761 0.9485473770660097
31 28 14 0.64760348583878 0.6632897603485839 0.6700435729847496
26 28 24 0.9874170140497144 0.990443106376409 0.9891307704184036
25 28 24 0.9817914831130692 0.985315712187959 0.9800984711065044
28 28 16 0.9144186046511629 0.9559872321021433 0.9730414956680349
29 28 16 0.9386792452830188 0.9661117277099519 0.9789863115057345
22 28 22 0.8564252147139849 0.86763895640901 0.8678010046994005
30 28 16 0.8037938896488828 0.8798723210214319 0.9240674874601005
27 28 20 0.5513184584178499 0.5517241379310345 0.5511832319134551
29 28 17 0.8366974240676663 0.8920030757401001 0.921376393694733
34 28 21 0.6742857142857144 0.7091316526610646 0.7243137254901961
30 28 17 0.792136113704741 0.8590725178960472 0.8978524743230628
28 28 17 0.8808850914667543 0.9250520319859789 0.9464563479022895
33 28 22 0.6850335070737156 0.7019607843137254 0.6994787788533133
32 28 17 0.7163558106169298 0.7660449545671926 0.7924916307986608
39 29 15 0.16821320077326704 0.1145539906103286 0.07561447114056886
32 28 22 0.5234068627450981 0.5289522058823529 0.5203431372549019
31 28 17 0.7524221453287196 0.8209342560553633 0.8631103421760861
22 28 23 0.7470824474368061 0.7540278762107252 0.7477911646586345
38 29 15 0.19360981802793056 0.13663422203413733 0.07968683876428263
23 28 24 0.6645368492224477 0.6700811359026368 0.6516565246788371
12 29 24 0.8225439919557567 0.7531422825540474 0.7158371040723981
37 29 15 0.20815102900664395 0.14271592934694538 0.08830011343380323
27 28 17 0.9777290020485807 0.983991805677495 0.9832894351770562
19 29 16 0.8072478991596641 0.694765406162465 0.6909663865546218
36 29 15 0.20041718815185638 0.1358364622444722 0.08952857738840211
29 28 18 0.8774735700731907 0.9137797054305593 0.932050239450619
30 28 18 0.7742872284048755 0.8342342342342343 0.8695495495495495
20 29 16 0.6938634713144517 0.5736746550472039 0.5160130718954248
36 29 16 0.20030959752321975 0.13611971104231163 0.08778121775025795
24 28 24 0.9988795518207283 0.9984793917567026 0.9960784313725491
31 28 18 0.7071467839472236 0.7670331684075499 0.8022906358805205
32 28 18 0.6653846153846152 0.6987179487179487 0.7076168929110107
24 28 25 0.8601089324618736 0.8653376906318082 0.8474945533769064
12 29 25 0.9469434832756632 0.8821552150271873 0.8376338770802441
35 29 16 0.21064171122994646 0.1478966131907308 0.08657754010695182
18 29 16 0.2717416378316032 0.25882352941176473 0.2569780853517878
18 29 17 0.44235294117647056 0.4232679738562091 0.42117647058823526
20 29 17 0.8475867269984915 0.668627450980392 0.6079939668174963
27 29 14 0.9947712418300654 0.9908496732026144 0.9741176470588235
28 29 14 0.9538461538461539 0.931724484665661 0.9010893246187365
28 29 15 0.9302301790281331 0.9177323103154306 0.8942540494458653
13 29 25 0.9183574879227052 0.8257175333901677 0.7865018471156578
29 29 14 0.9145030425963488 0.8838066260987154 0.8493238674780258
27 29 15 0.802018795683954 0.7103376261747302 0.6571179951270449
19 29 17 0.9156862745098039 0.7607843137254902 0.7401960784313726
30 29 14 0.8076797385620914 0.7849673202614379 0.7524509803921569
34 29 16 0.2426433168687322 0.18160455021703337 0.12662775033677587
13 29 26 0.9302544158159134 0.7911845730027547 0.7310646572678656
29 29 15 0.9206650402096322 0.9056654920032531 0.8827324478178369
30 29 15 0.8639271976733278 0.8403977859086219 0.8126653532226289
33 29 16 0.29754901960784313 0.272156862745098 0.2555882352941176
32 28 19 0.21259029927760578 0.22156862745098035 0.22332301341589267
31 29 14 0.7267156862745098 0.7102941176470587 0.6862745098039216
31 29 15 0.7563049357674104 0.7471095334685599 0.7287187288708588
34 29 17 0.3623394185260311 0.3168187964841109 0.2863083164300202
32 29 15 0.5915032679738562 0.5815592903828198 0.5658263305322129
27 29 16 0.7408388520971303 0.7398000259706532 0.7316712115309701
35 29 21 0.46761975676346484 0.48644328617522953 0.4916058575328866
13 29 27 0.8955237872041248 0.7577533005233966 0.6887118193891102
32 28 20 0.0 0.0 0.0
36 29 21 0.33585434173669465 0.3375350140056022 0.330812324929972
31 29 16 0.6734912146676851 0.6788897377132671 0.6639164756811815
32 29 16 0.33102278749337577 0.29996820349761527 0.27921568627450977
34 29 18 0.3392789373814042 0.30051504472756846 0.26401012017710307
27 29 17 0.6396793200038635 0.6383463730319715 0.635062300782382
21 29 19 0.933714596949891 0.9389542483660132 0.9388562091503269
20 29 19 0.6246046805819102 0.6244781783681216 0.6222011385199241
13 29 28 0.8436578171091444 0.7531494013534618 0.7342703453062641
40 29 15 0.2274509803921568 0.1607843137254902 0.0901960784313725
17 29 28 0.9284525320919735 0.8432218930737763 0.8303286782338835
18 29 28 0.9254648956356736 0.84 0.8153067678684376
32 29 18 0.21045751633986928 0.22091503267973855 0.22189542483660132
21 29 20 0.6547025589896978 0.6564971751412432 0.6558989697573946
34 29 19 0.3978458989229495 0.3810549571941453 0.3658657829328914
15 29 28 0.6450980392156862 0.5798893916540976 0.5506284565108094
27 29 18 0.4878488621726063 0.488306855588951 0.4874194933447832
16 29 28 0.9265151515151516 0.853134284016637 0.827124183006536
22 29 20 0.9704630788485606 0.9788068418856903 0.9791405924071759
35 29 19 0.3696209150326797 0.33307189542483656 0.3056470588235293
22 29 21 0.7906021580229726 0.7950574312565263 0.7948021812275206
35 29 20 0.22199331345441403 0.19466883527604587 0.17628987078702446
27 29 19 0.2972824217406261 0.2974888200894393 0.2974888200894393
28 29 16 0.5774712643678162 0.576659905341447 0.5734415145368492
30 29 16 0.5876283846872082 0.5893090569561158 0.5816993464052288
29 29 16 0.5701170390636876 0.5715154278765769 0.569296245630035
22 29 22 0.7969563944980977 0.8047995317529998 0.7997658764998536
23 29 23 0.7767012687427912 0.7846136101499422 0.7705420991926183
28 29 17 0.2857142857142857 0.2857142857142857 0.2857142857142857
32 29 22 0.28115942028985513 0.28405797101449276 0.2794543904518329
33 29 22 0.6453781512605042 0.65542823189882 0.6456158220864102
29 29 17 0.615686274509804 0.6230392156862745 0.6200980392156863
30 29 17 0.5193899782135076 0.5254901960784314 0.5237472766884532
31 29 17 0.6326797385620915 0.6405228758169935 0.6248366013071897
22 29 23 0.7265151515151516 0.7321301247771835 0.7233957219251337
34 29 21 0.6459893048128342 0.6780748663101606 0.6798573975044564
23 29 24 0.6539116656763715 0.6569023569023569 0.6399088928500694
34 29 22 0.6664799253034547 0.6857991681521094 0.6854087089381207
12 30 24 0.6777816452024596 0.560018563638473 0.5112426035502958
25 29 24 0.9814795008912657 0.9845632798573976 0.9760962566844922
39 30 15 0.16871725789552455 0.1080377189043556 0.03773387217482409
40 30 15 0.18996078431372546 0.12219607843137249 0.0434509803921568
38 30 15 0.18137639369473277 0.11610918877354862 0.03884659746251438
37 30 15 0.19867605161722807 0.11585386291268637 0.03641695994637167
24 29 24 0.9981900452488688 0.998340874811463 0.996078431372549
24 29 25 0.8846914912754092 0.8885411045152005 0.8742219823709302
23 29 25 0.5307929461092613 0.5336539647305463 0.518954248366013
19 30 16 0.8914326090796679 0.7723017134781841 0.7647235470764885
12 30 25 0.8430816298150465 0.6897510777360588 0.6366013071895426
20 30 16 0.6743175701653209 0.5737793156478276 0.5204921184159939
19 29 27 0.9132438940488478 0.8897718151588121 0.8649810801513589
28 29 24 1.0 0.9997198879551821 0.999859943977591
36 30 16 0.20060815770158327 0.11464821222606683 0.03586033343818806
36 30 15 0.18993464052287584 0.10326797385620914 0.03620915032679734
13 30 25 0.8453878942881501 0.7033589087809035 0.6551065643648765
27 30 15 0.8212976247409535 0.6224613422604814 0.5167224613422605
13 30 26 0.9024509803921571 0.7864435429344151 0.7322177146720757
35 30 16 0.2081815467303672 0.12817756544242057 0.035055240370259734
18 29 27 0.35982072829131656 0.3394957983193277 0.33151820728291315
18 30 16 0.12705882352941175 0.10797385620915033 0.10483660130718954
20 30 17 0.7926559714795007 0.6290196078431373 0.5556506238859181
34 30 16 0.2211437908496732 0.1341503267973856 0.05032679738562087
18 30 17 0.17183600713012478 0.14331550802139037 0.13975044563279856
19 30 17 0.7339869281045751 0.5526143790849672 0.4898692810457516
27 29 24 0.9849288735101887 0.9904805843906191 0.9889888504421377
34 30 17 0.3209211986681465 0.23503514613392526 0.1641694413614502
32 30 16 0.39875291112613626 0.3163248441138908 0.27413417474269397
26 29 24 0.9943063417835755 0.9948314053654936 0.9949462630240381
13 30 27 0.8829001367989057 0.7519987840097279 0.7074327405380756
33 30 16 0.3276292335115864 0.29884135472370765 0.28502673796791445
21 30 19 0.9150683303624481 0.9198217468805703 0.9196316102198455
35 30 21 0.4480016047339651 0.46136101499423293 0.46338699162529456
20 30 19 0.5883017613825191 0.5887670322366234 0.5863742107012296
34 30 18 0.30055456526044755 0.25428797781738954 0.21746880570409977
13 30 28 0.88150424348844 0.8035703833772313 0.7856014047410007
36 30 21 0.3104575163398693 0.30130718954248364 0.29150326797385623
35 29 22 0.6444444444444445 0.6666666666666666 0.6784313725490195
21 30 20 0.7654901960784315 0.7667226890756305 0.7673389355742299
17 30 28 0.9240925435918314 0.8486328787570391 0.8281701607978831
18 30 28 0.8889978213507624 0.8233660130718954 0.8125272331154684
15 30 28 0.6970521541950113 0.6010137388288649 0.5694010937708417
22 30 20 0.9742475334082676 0.979492943674285 0.9801173972773822
16 30 28 0.9299638989169676 0.8350109718977843 0.8019253910950661
34 30 19 0.2519492502883506 0.22034602076124557 0.19746251441753168
28 30 24 0.9947058823529411 0.9941176470588236 0.9937581699346405
35 30 19 0.2520880107768298 0.23400688519682683 0.22227211495285137
22 30 21 0.9456739339092279 0.9505004799122447 0.949348690525161
27 30 16 0.8835294117647058 0.6690196078431373 0.5298039215686273
35 30 20 0.1459694989106754 0.13265132139812447 0.12338732594487069
22 30 22 0.8202860091404983 0.8266843579537078 0.8204039510541059
23 30 23 0.7359714795008911 0.740819964349376 0.7304337492572786
22 30 23 0.6172448466566113 0.6224233283056813 0.6112116641528406
19 31 16 0.9591337430494588 0.9208662569505415 0.9134328358208955
20 31 16 0.6883079157588959 0.6081699346405229 0.5702977487291213
27 30 24 0.9912397216951296 0.9944180898165719 0.9938013915243517
23 30 24 0.649688581314879 0.6522260668973472 0.6349480968858131
26 30 24 0.9923747276688455 0.9939433551198258 0.9924183006535949
12 31 24 0.8034232477521396 0.6079298017549561 0.5199436680749648
34 30 22 0.6503362697736098 0.6690537084398978 0.6671213412901391
18 31 16 0.9108359133126934 0.8439628482972136 0.8287925696594428
37 31 15 0.19779766979255467 0.1246092639954532 0.04040920716112528
38 31 15 0.17941176470588233 0.11533105996021593 0.03918726911054272
25 30 24 0.9839932860303655 0.9859159227893493 0.9788204776073854
33 30 22 0.7034251675353685 0.7271531397369074 0.7296475552246214
18 31 17 0.4128851540616246 0.3456582633053222 0.33613445378151263
20 31 17 0.8259601361205638 0.7507697293793549 0.7140495867768596
27 31 15 0.6906460945033752 0.5454837672774029 0.46769527483124385
24 30 25 0.8970588235294117 0.900700280112045 0.8872148859543817
19 31 17 0.7715983363042187 0.7012477718360071 0.6768865121806298
23 30 25 0.5040793328825782 0.5071444669821951 0.49774622492675225
36 31 15 0.19585645578986302 0.12238253792082865 0.04113947465778759
36 31 16 0.19943709541232757 0.12288207148888258 0.03831503893423393
12 31 25 0.7920573305464316 0.6373046680601173 0.5591917985468299
39 31 15 0.18207118624575927 0.11585302742797993 0.042838249669369166
40 31 15 0.1913312693498452 0.12260061919504633 0.046542827657378674
27 31 16 0.7490742638518822 0.6113137938102071 0.5383616861378697
13 31 26 0.809342115224468 0.6794912559618441 0.6270875917934742
24 30 24 0.9951131221719458 0.995475113122172 0.9940874811463049
29 30 23 0.853359353219961 0.8681535173311029 0.8705138927608959
30 30 23 0.8630758327427357 0.8780770139381053 0.8847862036380817
35 31 16 0.2009883628248047 0.12464530527658213 0.03647377650247086
19 30 27 0.9074440395627278 0.8631152756087687 0.8397478165307423
32 30 22 0.7625396825396825 0.7860877684407097 0.7969934640522877
20 30 27 0.9864253393665159 0.9764705882352941 0.9592760180995475
20 29 27 0.9901960784313726 0.9686274509803922 0.9490196078431372
13 31 25 0.7594975490196079 0.6110294117647059 0.5505514705882353
18 30 27 0.406718954248366 0.3989281045751634 0.39709803921568626
21 31 19 0.9461948367737597 0.945946505251177 0.9412489006156552
31 30 22 0.871870286576169 0.8932880844645551 0.9025263951734541
13 31 27 0.9531492597038815 0.9177591036414566 0.9018487394957985
20 31 19 0.9263305322128852 0.9166822284469345 0.9072517896047307
31 30 23 0.8799564270152505 0.8959912854030503 0.8962527233115469
32 31 16 0.47745858033135735 0.36136190910472715 0.2979784161726706
34 31 16 0.2104468016714882 0.12684024429443902 0.043121182899389224
28 30 23 0.8781960784313728 0.8781960784313728 0.8781960784313728
33 31 16 0.1607843137254902 0.14901960784313725 0.14640522875816994
34 31 17 0.2610451906084322 0.17416477320541945 0.0939830009256921
32 31 17 0.5640888523241464 0.4777046482928836 0.4354175236528178
30 30 22 0.9352941176470589 0.9604575163398693 0.9725490196078431
33 31 17 0.4666666666666667 0.3803921568627451 0.3372549019607843
21 31 20 0.7849222447599731 0.788235294117647 0.7866801893171061
13 31 28 0.9481649069884366 0.9243338360985421 0.9207642031171442
22 31 20 0.9703703703703703 0.9789311803152632 0.9715494040753557
27 30 23 0.996078431372549 0.997737556561086 0.9969834087481146
18 31 28 0.8861805800164374 0.825877656451802 0.8118821181167076
17 31 28 0.9046604148905939 0.8423415743108837 0.8282892867291843
25 30 25 0.992156862745098 0.996078431372549 0.9882352941176472
34 31 18 0.21710090428865605 0.15383651177365923 0.09060793267078518
16 31 28 0.8844106463878327 0.8200402594497875 0.7976440766420638
15 31 28 0.6611164684453017 0.6106075216972033 0.5938712096860602
22 31 21 0.8568416613957411 0.8587602783048705 0.8510225595614591
39 31 14 0.17703081232492995 0.11764705882352941 0.047619047619047596
34 30 21 0.7007636738906088 0.7330443756449948 0.7559545923632609
22 31 22 0.7939646780698095 0.7877624808788763 0.7741343345848978
33 30 21 0.7514161220043573 0.7884531590413945 0.8174291938997822
30 31 23 0.9849197860962567 0.9911051693404636 0.9925133689839571
33 31 22 0.7474547511312216 0.7685143288084464 0.7912330316742082
34 31 19 0.19186483103879845 0.1519816437213183 0.11685440133500206
32 31 22 0.8369431164692024 0.861456384674011 0.8872860805099425
29 31 23 0.9647197394859005 0.9743504468925379 0.9781750155892743
23 31 23 0.7868430212321617 0.785404339250493 0.7665390416521638
28 31 23 0.9562264150943397 0.9561524232334443 0.9557380688124306
35 31 19 0.1062852538275584 0.08756379264034381 0.07303250067150147
31 31 22 0.9651265870332809 0.9799564270152505 0.9890316279768612
30 31 22 0.9891231964483909 0.9928227894931558 0.9929707732149463
22 31 23 0.5206599713055954 0.526781444285031 0.5166427546628408
19 32 13 0.7995569776027565 0.6079908113873165 0.4805972598244319
35 31 20 0.07181922096192737 0.06402884023564583 0.05829596412556052
18 32 13 0.8215686274509802 0.8209150326797386 0.9130718954248366
27 31 23 0.9966160657811513 0.9965211891208097 0.9969955724225176
18 31 13 0.8627450980392157 0.8235294117647058 0.8705882352941177
19 32 14 0.693172130512284 0.54210648686352 0.45316593040378206
18 31 14 0.8860009119927041 0.8722298221614225 0.9338805289557683
18 32 14 0.8633986928104576 0.8437908496732027 0.9028322440087148
23 31 24 0.6034364261168385 0.6052557105316353 0.5941985041439256
25 31 24 0.9983115468409586 0.9984023238925199 0.9973674655047204
27 31 24 0.9984023238925201 0.9974945533769065 0.9981844589687727
15 32 20 0.9587588881706528 0.653673777203189 0.5371687136393019
35 31 21 0.28895617070357554 0.2898500576701269 0.2952998846597462
19 31 14 0.8755417956656348 0.8739594083247335 0.949501203990368
26 31 24 0.9984929508993681 0.9984767460703289 0.9982984929508995
24 31 24 0.9970548862115126 0.9971651311126861 0.9966769036932043
12 32 24 0.8936335027838295 0.6545146453643187 0.548390220285645
13 32 23 0.9227493147796753 0.6485768500948766 0.5408602150537634
20 31 20 0.994613477574938 0.9858462925400047 0.9772594095109307
14 32 20 0.8920536635706915 0.6338493292053663 0.5494324045407636
13 32 24 0.9589808115759672 0.6858131487889273 0.5643913180245359
12 32 23 0.4823529411764706 0.3431372549019608 0.28823529411764703
19 31 15 0.950917946796553 0.9334832021980766 0.9456225802422881
23 31 25 0.8063437139561708 0.8126105344098421 0.8276432141484045
18 31 15 0.9475256769374419 0.92250233426704 0.9655773420479301
14 32 21 0.8773515203182721 0.6367149758454106 0.5568627450980392
15 32 21 0.9380739637627201 0.6586994291387441 0.5659220650285431
24 31 25 0.9908496732026144 0.996078431372549 0.9967320261437909
37 32 15 0.3083109385886334 0.1972529113168109 0.10403105404598383
38 32 15 0.23381117152743452 0.14531224254407643 0.0714780029658922
20 31 21 0.8082099026661024 0.8030187614614192 0.7944985188319933
12 32 25 0.9636240703177823 0.7315753887762003 0.6171737660581476
13 32 25 0.9457276488577083 0.6684655513581578 0.5668465551358157
39 32 15 0.221648987463838 0.1427997428479588 0.07415621986499513
19 31 27 0.8965907083554144 0.85359477124183 0.8314196549490668
18 32 15 0.8457959454968428 0.7740112994350283 0.7462279827185111
19 32 15 0.6058985577702155 0.480667638956409 0.4141306109220548
20 31 27 0.9541176470588234 0.9216993464052288 0.9121568627450981
40 32 15 0.15906526994359388 0.10136986301369862 0.047972065538544155
34 31 21 0.6812263814616756 0.6997219251336899 0.7237076648841355
14 32 22 0.94661487236404 0.6935812060673324 0.6361265260821309
15 32 22 0.9151426907396623 0.6464569986410407 0.5674626286158027
36 32 16 0.19006085192697766 0.11019269776876264 0.04514874915483431
37 32 16 0.14572321682296105 0.08476840011366861 0.03415743108837735
37 31 16 0.1568627450980392 0.0823529411764705 0.0235294117647058
33 31 21 0.7185860259596798 0.7443247721623861 0.7695111847555921
18 31 27 0.4567951318458418 0.4498444895199459 0.4471670047329277
35 32 16 0.22530196078431367 0.13209411764705878 0.05543529411764702
15 32 24 0.9689234184239734 0.7418054014058453 0.6838697743248243
13 32 22 0.8564499484004129 0.6353973168214656 0.570794633642931
27 32 16 0.6490196078431372 0.47060727203502756 0.35195126594327053
17 32 19 0.970853889943074 0.6920936116382037 0.5750537634408601
18 32 16 0.9108030473335831 0.8251529911327588 0.765230423379543
19 32 16 0.5593251253989966 0.4527131782945735 0.40565435476516176
14 32 23 0.960806595365419 0.6805704099821748 0.5950311942959001
15 32 23 0.9236760124610592 0.6907641561297416 0.6527945757742348
13 32 26 0.9139278937381405 0.6335989879822898 0.5309044908285895
20 31 22 0.22986425339366517 0.23026646556058322 0.22946204122674713
16 32 19 0.9739768728004022 0.6739869281045752 0.5568627450980391
27 32 17 0.8142889339643904 0.66710615280595 0.5659792652693261
15 32 19 0.9409114997350291 0.6481717011128776 0.5323264440911499
15 32 25 0.9512605042016806 0.7493930905695613 0.6948646125116712
20 32 18 0.6504504504504505 0.5003974562798092 0.4172760996290408
20 31 18 0.9270341207349081 0.9105141269106071 0.8935927126756215
16 32 20 0.9731729055258468 0.6736928104575163 0.5552287581699346
17 32 20 0.98213058419244 0.7122296341216898 0.6075601374570445
26 32 17 0.9097496438021576 0.6699911798629488 0.5115408100956645
14 32 25 0.9601970256701716 0.7019418395377475 0.6143790849673203
27 31 17 0.842125237191651 0.7984819734345352 0.7796331435800127
20 32 16 0.7792933598560197 0.54966373022639 0.42036563417637585
16 32 21 0.9512995896032832 0.690766073871409 0.5990652074783401
34 32 16 0.3076512307050479 0.18349603671255732 0.08804338756779304
14 31 25 0.9176470588235294 0.7098039215686275 0.6588235294117647
20 32 19 0.6964396284829721 0.5595459236326109 0.4708978328173375
14 32 26 0.9648732663797227 0.686776661884266 0.5899808703969391
20 32 12 0.8119121332743624 0.6123839009287925 0.4215833701901813
19 31 18 0.9429110105580694 0.9268853695324284 0.9143665158371042
21 32 19 0.9446723426212591 0.8011222910216719 0.6902089783281733
14 31 26 0.3647058823529412 0.2901960784313726 0.27294117647058824
21 32 12 0.6617823177175061 0.5058823529411764 0.38940941646119526
16 32 23 0.9609625668449198 0.6609625668449197 0.5778966131907308
23 32 12 0.965452847805789 0.7502147525676937 0.5472268907563025
19 32 12 0.7757054041128646 0.5724533715925395 0.3834528933524629
32 32 17 0.604361370716511 0.40767821147150446 0.2717976910390324
34 32 17 0.2570863433092535 0.15681114551083591 0.07805297557619535
22 32 12 0.8192651818008757 0.6304587854559298 0.49910527317723197
24 32 12 0.9240873585206439 0.6924597481268933 0.46832456559859714
25 32 12 0.9334640522875818 0.6925490196078431 0.48970588235294116
16 32 22 0.9825098039215686 0.7014509803921567 0.6077647058823528
34 32 11 0.41856419987349786 0.26559139784946234 0.170145477545857
14 32 24 0.9857756120199561 0.6921916695672353 0.5911126580809838
35 32 21 0.43887122416534174 0.37228404875463694 0.33905670376258606
26 32 12 0.8908363345338136 0.6757369614512472 0.48968920901694013
27 32 12 0.7860899653979239 0.5587543252595156 0.40973471741637835
20 32 17 0.6675027371354634 0.4986762217577385 0.39944261968746886
35 32 12 0.42000396118043176 0.270786294315706 0.15987324222618335
28 32 12 0.6618209067066317 0.49946296990133626 0.39920069938803543
30 32 12 0.4886904761904762 0.3555672268907563 0.27349439775910367
18 32 17 0.9646084520764828 0.7542321276336622 0.6502009499451955
26 32 18 0.848606348368944 0.7277059702804888 0.5994548492042557
27 32 18 0.8533653461384556 0.6831692677070829 0.5599039615846338
17 32 21 0.9300653594771241 0.7222222222222222 0.6620915032679738
32 32 12 0.42536287242169585 0.2754265342500636 0.1733638910109498
33 32 11 0.45128205128205134 0.3025641025641025 0.2
33 32 12 0.43514573396926337 0.27995760466348696 0.17430842607313193
32 32 18 0.45201453949726106 0.3869246915476373 0.34691035683202787
29 32 12 0.615753309870957 0.4727668845315904 0.38317412435059506
19 31 19 0.9925770308123251 0.976190476190476 0.961204481792717
36 32 12 0.42238163558106157 0.2634624581539932 0.14151123864179813
32 31 18 0.5395617070357556 0.5228373702422145 0.5133794694348328
31 32 12 0.4678431372549019 0.31235294117647056 0.21117647058823524
20 32 13 0.9763197586726997 0.7057315233785822 0.5159627953745601
17 32 15 0.9676470588235293 0.7784313725490195 0.6647058823529413
34 32 12 0.4207862455326958 0.2697382401236356 0.16250362213851055
35 32 11 0.40784313725490196 0.26225490196078427 0.16323529411764703
21 32 13 0.9512665606783255 0.6622575516693164 0.4823953365129836
22 32 13 0.8454487486051332 0.6597800095648013 0.5091822094691535
23 32 13 0.7678462620107804 0.6065463635653464 0.4755878446996328
38 32 13 0.3568627450980392 0.2295900178253119 0.12976827094474153
17 32 16 0.9010457516339869 0.7216013071895425 0.6221895424836601
24 32 13 0.9234090127278981 0.6437564499484003 0.4301685586515308
25 32 13 0.9706217529746941 0.6523210993799229 0.44355622590916716
13 32 27 0.9246998024015808 0.7644018847849217 0.7010183918528652
26 32 13 0.9641398827572267 0.6795633717404488 0.5048109965635739
27 32 13 0.9274838426990909 0.6046664475846204 0.42050607952678276
28 32 13 0.8612832115094559 0.5936883629191321 0.4411648683141896
38 32 14 0.3996453900709219 0.2663954943679599 0.1522319566124322
29 32 13 0.6999675008124798 0.4990358574368975 0.3804571552377857
35 32 20 0.3575960465487008 0.26908974972102667 0.209022796110314
36 32 13 0.41521093285799165 0.259160229748465 0.14301841948900768
37 32 13 0.4019003195992054 0.25414183294463155 0.14231666234775844
31 32 13 0.47075873827791986 0.29394714407502126 0.1770247229326513
32 32 13 0.4486274509803922 0.28588235294117637 0.17131062951496387
30 32 13 0.5536912032572591 0.3674274081217186 0.2547733847637415
21 32 20 0.7840796019900497 0.6444834650278023 0.5470295580918935
22 32 20 0.8479133287556267 0.6554970626382848 0.5253223468375678
34 32 18 0.2991886409736308 0.18757268424611223 0.10481406355645703
39 32 14 0.36366683425506957 0.2452488687782805 0.1383274677392324
33 32 13 0.4349531116794544 0.2765179501752391 0.16728237188595244
35 32 13 0.4184012066365007 0.2632478632478632 0.14658119658119653
14 32 27 0.9277310924369749 0.700840336134454 0.6219887955182074
26 32 19 0.8472844004858583 0.7268263057435363 0.639614783966684
27 32 19 0.9468684561203121 0.711250713877784 0.5453645535884256
32 32 19 0.4649787423059839 0.4291262135922331 0.40387080398502445
20 32 14 0.9774692485689929 0.7071976616733651 0.5082450371452928
22 32 21 0.7412608053974278 0.5904490828589499 0.4794433902593295
17 32 17 0.9364743955834762 0.7196649533599846 0.6313915857605178
40 32 14 0.3058823529411765 0.2 0.0941176470588235
30 32 14 0.7741255296088284 0.49098433343186515 0.31165632081978517
31 32 14 0.5881605975723622 0.36593837535014007 0.22405228758169932
23 32 14 0.8539499036608864 0.605757678794061 0.4502323472741699
24 32 14 0.6295393897203851 0.44483118691263496 0.3336814015547047
25 32 14 0.7660049019607843 0.5341176470588235 0.39850490196078425
21 32 14 0.9812275205940365 0.7018911706694513 0.4886645782573385
22 32 14 0.982944657152802 0.7078315349808564 0.510059171597633
13 32 28 0.9718228031953522 0.954248366013072 0.9597676107480029
34 32 13 0.42564270152505446 0.27069716775599123 0.1560348583877995
35 32 18 0.25923632610939107 0.160577915376677 0.07719298245614033
18 32 22 0.960577915376677 0.8288207148888265 0.7682146542827658
20 32 15 0.9420908259676928 0.6455145788885502 0.46479731789088696
19 32 18 0.9905882352941177 0.9301960784313724 0.8603921568627451
26 32 14 0.9444019027729436 0.657152801949182 0.4943496925397378
27 32 14 0.9335653788142476 0.627567003132614 0.44016707274625827
28 32 14 0.9524074718644855 0.6416521638241096 0.4462930734423947
29 32 14 0.9312913331012878 0.6129249332869243 0.4060331825037707
17 32 22 0.7409803921568627 0.5352941176470587 0.4645098039215686
16 32 17 0.93492315845257 0.6675145733969265 0.5561208267090623
19 32 19 0.8623577826192206 0.7965141612200436 0.7225853304284677
37 32 14 0.4069181160836427 0.26139013745032896 0.14875903849912053
32 32 14 0.4751046486010134 0.2898435778805904 0.16827495042961002
30 32 15 0.9085151431464606 0.5687195065819753 0.3646138267513578
33 32 14 0.41426783479349183 0.24278264497288277 0.1329995828118481
26 32 21 0.7333602856950341 0.6392022100936595 0.5826292028839027
31 32 15 0.8390328151986183 0.516265366250127 0.3019811033221579
32 32 15 0.574733893557423 0.339813258636788 0.1863305322128851
33 32 15 0.4309506080913376 0.2549267808389178 0.12824522213948863
34 32 19 0.42591488208186495 0.2944429384657088 0.20084937200686723
21 32 16 0.9837354296557332 0.6747266648594923 0.49937652480346983
26 32 20 0.806630109670987 0.7127949484878698 0.6493851777999335
17 32 28 0.9532976827094475 0.8336898395721923 0.8114081996434938
17 32 18 0.9715969624844156 0.7163776493256263 0.6044882692961577
18 32 18 0.9382953181272509 0.7145258103241298 0.6300920368147259
31 32 19 0.5264661520716883 0.40739952089433057 0.32151539348771185
35 32 19 0.23247205424225761 0.15829210188748394 0.09895547003848265
36 32 14 0.39468127331904423 0.24061284432801458 0.12964991664682063
23 32 23 0.7096573208722742 0.5244823162910024 0.4176104086494411
16 32 18 0.9665513264129181 0.6906805074971166 0.566712802768166
22 32 22 0.8042147700201577 0.666483415796225 0.5618105185999633
16 32 26 0.7803921568627451 0.6094658553076402 0.5700473292765382
15 32 28 0.564953560371517 0.48272445820433413 0.4741795665634675
32 32 20 0.5286274509803922 0.4818969448244414 0.457437300501596
35 32 14 0.4002295552367288 0.2375705404112864 0.12608321377331416
31 32 20 0.6517055123936366 0.5802293747687755 0.5339548649648539
17 32 23 0.907843137254902 0.6936764705882353 0.6257352941176471
18 32 23 0.9878872258962755 0.8905441466527443 0.8424643230073094
34 32 14 0.40690276110444185 0.23659463785514204 0.12080832332933167
21 32 15 0.9829149494192583 0.678831022855002 0.49494192581491203
22 32 15 0.9723730517848165 0.6759175465057817 0.5036701860231272
23 32 15 0.9548014077425842 0.6434640522875816 0.4524886877828055
24 32 15 0.9144042232277525 0.6197586726998492 0.4322021116138763
25 32 15 0.7556100217864924 0.5655228758169935 0.4425925925925926
30 32 16 0.9555555555555555 0.6285991874227169 0.3942942942942943
19 31 20 0.9913165266106443 0.9565826330532214 0.9378151260504203
19 32 20 0.9707788671023967 0.9042483660130719 0.8446350762527233
22 32 16 0.9762254901960784 0.675891265597148 0.4891042780748663
30 32 23 0.9922628510863806 0.9769475357710652 0.9615792262851086
17 32 24 0.9053114916852818 0.7413998510796723 0.6920824025812856
15 32 27 0.06352941176470588 0.05150326797385621 0.05019607843137255
26 32 15 0.7333584715937658 0.5457013574660632 0.41860231271995973
27 32 15 0.9184263448969332 0.630718954248366 0.4351684263448969
28 32 15 0.9792357968828557 0.6672699849170437 0.4501005530417295
34 32 15 0.40858440937350543 0.2453132472501195 0.12821616451458626
35 32 15 0.39528933524629356 0.24925872788139644 0.1354375896700143
29 32 15 0.9362242332830569 0.6130718954248365 0.40429864253393666
31 32 16 0.9459101983988862 0.5958231813435433 0.3611323819468616
32 32 16 0.870054530688015 0.5277874463394825 0.2861816916115558
33 32 16 0.4688478941872607 0.2855087597169045 0.15811579069497617
17 32 25 0.9866515837104074 0.8712820512820513 0.8302413273001509
23 32 17 0.9498225957049485 0.6099346405228757 0.41032679738562083
29 32 23 0.8750236646382692 0.8275321162947938 0.806977687626775
36 32 15 0.3863480392156863 0.2535294117647059 0.14306372549019603
31 32 21 0.6566219470244239 0.6002407980736154 0.5756621947024424
16 32 27 0.8987906539861455 0.7586004461664906 0.7373957966420099
17 32 27 0.9842691622103388 0.8594028520499108 0.8258689839572194
18 32 20 0.7235694277711084 0.5981592637054822 0.547579031612645
38 32 16 0.0868937048503612 0.046130030959752294 0.015686274509803907
18 32 25 0.9885870043084498 0.9090829156774819 0.86831970456344
15 32 18 0.4843137254901961 0.3392156862745098 0.2823529411764706
21 32 17 0.8815871910894536 0.6353173221951502 0.4933518969718065
22 32 17 0.9665868157217639 0.6465619732055717 0.4624434389140272
24 32 17 0.9671949144954786 0.6391798728623868 0.4435132957292506
25 32 17 0.9792717086834735 0.662044817927171 0.45877100840336144
23 32 24 0.5881000676132522 0.4449917898193761 0.3636627064618951
18 32 28 0.9053594771241831 0.8167320261437909 0.7899782135076252
18 32 19 0.6457516339869281 0.5150326797385621 0.46928104575163393
33 32 22 0.592670401493931 0.5779645191409897 0.5858076563958916
20 32 23 0.9791405924071757 0.9139758030871922 0.8475038242247254
22 32 23 0.6276601307189542 0.5359999999999999 0.4648888888888888
25 32 24 0.8717721050684422 0.7760759649771857 0.7307436182019977
28 32 23 0.871078431372549 0.7848715348208247 0.7509127789046652
30 32 17 0.8201950298836111 0.5783579742057251 0.3820698332809059
19 32 21 0.9811995386389849 0.9000659087164278 0.8219146482122262
24 32 24 0.8372549019607844 0.7174655047204065 0.6629629629629629
32 32 21 0.4768552397035369 0.41486068111455104 0.3886668543015292
16 32 25 0.8504111321948133 0.6154332700822265 0.557179000632511
16 32 28 0.9355707927342717 0.7936244436424875 0.7689402141224586
23 32 16 0.9576981088293307 0.6366399814363616 0.43387864021348177
24 32 16 0.9685346327880264 0.6583826429980277 0.4566887109873536
25 32 16 0.9756661639014579 0.6780040221216692 0.47345399698340873
27 32 23 0.872781984080761 0.7119006018248885 0.631896719083673
32 32 22 0.5851258846733961 0.5651235642185868 0.5715512240399119
34 32 21 0.4785258681785967 0.41973383731002434 0.3952279707063548
20 32 20 0.9932773109243698 0.9932773109243698 0.984873949579832
21 32 18 0.7966644128915934 0.595041694838855 0.46641875140860944
28 32 17 0.7680295436560274 0.5666754594214368 0.3987690143321903
35 32 17 0.11339869281045749 0.06045751633986926 0.015250544662309342
23 32 18 0.9476737440538348 0.6272189349112427 0.4050817960320223
24 32 18 0.9835930047694755 0.6857233704292529 0.46965553789083203
25 32 18 0.9754198330049724 0.6866873065015479 0.4740407167651749
18 32 24 0.980925861468848 0.8964845109641489 0.8579185520361992
23 32 25 0.6527731092436975 0.6425770308123248 0.6422408963585433
24 32 25 0.9823529411764707 0.984313725490196 0.984313725490196
33 32 18 0.48117647058823537 0.3555498721227622 0.27810741687979534
29 32 17 0.6640069889341875 0.48250825082508253 0.33799262279169096
26 32 16 0.8714700081215918 0.6163127973082725 0.4377073906485671
28 32 16 0.8105812739296903 0.554727926673628 0.38665738484743006
31 32 22 0.773845538215286 0.7379431772709082 0.7288515406162465
26 32 24 0.9018322082931534 0.8461587913854065 0.8181935069109612
29 32 16 0.9552384267316394 0.6310940944425107 0.4042232277526395
18 32 21 0.8842013238416385 0.7755713750468339 0.7223679280629449
17 32 26 0.9889833390003399 0.8770032868638786 0.84576674600476
18 32 26 0.9866833541927409 0.8951022110972049 0.8537505214851898
33 32 21 0.48060331825037717 0.3878934137757668 0.3479537456008044
28 32 18 0.9627334957651701 0.6604246432300732 0.44295161851722936
27 32 24 0.9506707946336427 0.9306501547987617 0.9194014447884415
20 32 21 0.9901027077497666 0.9940242763772176 0.9796451914098971
31 32 17 0.8702169625246549 0.5604130409560274 0.35974010906137605
33 32 17 0.47040259890938624 0.2990602158022972 0.17421974707042578
30 32 22 0.9859054209919262 0.8940484429065745 0.8128258362168397
22 32 18 0.7825733843833391 0.5540085856827938 0.4171017519433809
20 32 22 0.9808691043985163 0.9144144144144146 0.8336512983571808
29 32 18 0.8289592760180996 0.575310360830723 0.3914375217542638
30 32 18 0.6266968325791854 0.4458773252890899 0.32204625439919554
19 32 22 0.9710695187165775 0.9109982174688056 0.8551693404634582
23 32 20 0.8362967914438503 0.5848484848484848 0.40049019607843145
22 32 19 0.8163537755527744 0.5783479349186482 0.4286816854401335
23 32 19 0.7100359670495419 0.4980160111381831 0.35537765402018795
24 32 19 0.8886645782573385 0.6294929806242023 0.45327764241791396
25 32 19 0.9831322272498744 0.7036199095022625 0.49012066365007545
30 32 20 0.8764513648596695 0.7238946559015764 0.6094002306805075
16 32 24 0.0 0.0 0.0
33 32 19 0.5001589825119237 0.3759709289121053 0.2967522143992732
29 32 20 0.9693194925028836 0.7336688686169655 0.5417636573345915
19 32 23 0.9746843239913765 0.918776306334052 0.878616158505287
23 32 21 0.7883589471824766 0.5510157216039567 0.38288288288288286
24 32 21 0.8359202504531225 0.5962267259845113 0.4421651013346516
18 32 27 0.9825565198757099 0.873909782492232 0.8426443801564341
31 32 18 0.5825965889314304 0.4149901380670611 0.30342267084348523
28 32 19 0.9796496113238194 0.6862513052558302 0.4668290985033066
29 32 21 0.9839602793907263 0.8083312294875031 0.676007742152655
30 32 21 0.9204110559886605 0.7668320340184266 0.6749586581620599
29 32 19 0.9701125420582435 0.6864833507367444 0.46390532544378704
30 32 19 0.8428263988522238 0.6015542802486848 0.40645624103299854
20 32 24 0.9837361301109592 0.9151846785225718 0.8650554795561636
25 32 21 0.8375725709278123 0.6210976010515938 0.4802059371234527
19 32 24 0.9652890899949724 0.9139668174962294 0.8817697335344395
24 32 20 0.7451985922574159 0.5530920060331825 0.42458521870286564
25 32 20 0.8109204793028323 0.6012254901960783 0.45969498910675377
28 32 21 0.9846322285259282 0.721449188812581 0.538011346670648
27 32 20 0.9694165471066476 0.7132950741272119 0.53493543758967
23 32 22 0.7842441118459219 0.5564682677804849 0.39640329504582894
24 32 22 0.8114192827390024 0.6059331504622574 0.4837955907751702
25 32 22 0.8586300888068232 0.657346346610393 0.5325068143849466
33 32 20 0.49072398190045236 0.3928607340372046 0.3445701357466063
28 32 20 0.9802664655605832 0.7468577174459526 0.5171442936148818
28 32 22 0.8592000000000001 0.6823843137254904 0.5790117647058824
29 32 22 0.9668407007773524 0.8019955911358626 0.667177166724678
34 32 20 0.4428206065034709 0.3465107782243332 0.2909755206430398
19 32 25 0.9831713554987213 0.911457800511509 0.8703495311167946
20 32 25 0.9751799453958798 0.923752792256143 0.8893521965748326
24 32 23 0.7872607030978073 0.5927137718992922 0.4978767838496345
25 32 23 0.8387883358471593 0.6415032679738562 0.5321015585721468
27 32 21 0.9245865302642797 0.7239556692242114 0.5890878090366581
19 32 26 0.9868107242897158 0.9103641456582635 0.8769747899159666
26 32 22 0.8872730573710966 0.6881626724763978 0.5491285403050108
27 32 22 0.8142602495543673 0.6644162210338681 0.5753787878787878
20 32 26 0.9871895424836602 0.9565359477124182 0.9339869281045753
19 32 27 0.9846179851250845 0.8957065584854632 0.8729546991210281
20 32 27 0.9927170868347339 0.9546218487394958 0.9358543417366948
26 32 23 0.830351548903585 0.6357350040607959 0.5337742197470703
