12 16 29 0.14 0.14 0.14
11 16 29 0.01 0.01 0.01
15 17 28 0.15 0.15 0.15
16 17 28 0.36 0.36 0.36
17 17 28 0.34 0.34 0.34
18 17 27 0.20 0.20 0.20
18 17 28 0.08 0.08 0.08
13 16 29 0.01 0.01 0.01
13 17 29 0.05 0.05 0.05
12 17 29 0.53 0.53 0.53
15 18 28 0.19 0.19 0.19
18 18 28 0.08 0.08 0.08
17 18 28 0.32 0.32 0.32
13 18 29 0.06 0.06 0.06
18 18 27 0.20 0.20 0.20
12 18 29 0.52 0.52 0.52
11 17 29 0.16 0.16 0.16
16 18 28 0.34 0.34 0.34
11 17 30 0.34 0.34 0.34
12 17 30 0.02 0.02 0.02
11 18 29 0.03 0.03 0.03
11 18 30 0.76 0.76 0.76
12 18 30 0.49 0.49 0.49
11 18 31 0.03 0.03 0.03
25 18 24 0.09 0.09 0.09
26 18 24 0.04 0.04 0.04
22 19 22 0.06 0.06 0.06
23 19 22 0.01 0.01 0.01
23 18 25 0.10 0.10 0.10
24 18 25 0.05 0.05 0.05
23 19 23 0.07 0.07 0.07
27 19 23 0.13 0.13 0.13
27 19 24 0.20 0.20 0.20
23 19 24 0.25 0.25 0.25
23 18 24 0.01 0.01 0.01
26 19 24 0.32 0.32 0.32
27 18 24 0.00 0.00 0.00
29 19 23 0.25 0.25 0.25
30 19 23 0.11 0.11 0.11
24 18 24 0.11 0.11 0.11
28 19 23 0.30 0.30 0.30
25 19 24 0.29 0.29 0.29
24 19 24 0.22 0.22 0.22
17 19 28 0.66 0.66 0.66
18 19 28 0.25 0.25 0.25
15 19 28 0.24 0.24 0.24
18 19 27 0.28 0.28 0.28
24 19 25 0.09 0.09 0.09
13 19 29 0.06 0.06 0.06
16 19 28 0.56 0.56 0.56
23 19 25 0.18 0.18 0.18
12 19 29 1.00 1.00 1.00
15 19 29 0.55 0.55 0.55
22 19 21 0.00 0.00 0.00
11 19 29 0.19 0.19 0.19
12 19 30 0.34 0.34 0.34
15 20 28 0.17 0.17 0.17
11 19 30 0.34 0.34 0.34
19 19 27 0.04 0.04 0.04
17 20 28 0.38 0.38 0.38
16 19 29 0.33 0.33 0.33
23 20 22 0.06 0.06 0.06
12 20 29 0.60 0.60 0.60
19 19 28 0.12 0.12 0.12
13 20 29 0.07 0.07 0.07
16 20 28 0.30 0.30 0.30
11 20 29 0.08 0.08 0.08
23 20 24 0.26 0.26 0.26
18 20 27 0.29 0.29 0.29
19 20 27 0.27 0.27 0.27
17 19 29 0.02 0.02 0.02
18 20 28 0.15 0.15 0.15
19 20 28 0.10 0.10 0.10
11 20 30 0.04 0.04 0.04
12 20 30 0.08 0.08 0.08
15 20 29 0.14 0.14 0.14
16 20 29 0.01 0.01 0.01
25 20 24 0.25 0.25 0.25
23 20 25 0.15 0.15 0.15
36 19 21 0.02 0.02 0.02
36 20 21 0.28 0.28 0.28
35 19 21 0.02 0.02 0.02
43 20 18 0.25 0.25 0.25
35 20 21 0.27 0.27 0.27
31 19 22 0.07 0.07 0.07
32 19 22 0.04 0.04 0.04
33 19 22 0.01 0.01 0.01
42 20 19 0.59 0.59 0.59
43 20 19 0.18 0.18 0.18
42 20 18 0.01 0.01 0.01
30 19 22 0.03 0.03 0.03
32 20 22 0.26 0.26 0.26
33 20 22 0.28 0.28 0.28
22 20 20 0.10 0.10 0.10
40 20 19 0.16 0.16 0.16
22 20 21 0.18 0.18 0.18
34 19 21 0.01 0.01 0.01
34 20 21 0.15 0.15 0.15
40 20 20 0.14 0.14 0.14
30 20 23 0.24 0.24 0.24
39 20 20 0.27 0.27 0.27
27 20 23 0.08 0.08 0.08
28 20 23 0.26 0.26 0.26
34 19 22 0.01 0.01 0.01
34 20 22 0.13 0.13 0.13
31 20 22 0.28 0.28 0.28
21 20 19 0.08 0.08 0.08
37 20 20 0.04 0.04 0.04
38 20 20 0.40 0.40 0.40
29 20 23 0.27 0.27 0.27
21 20 20 0.02 0.02 0.02
27 20 24 0.18 0.18 0.18
37 20 21 0.22 0.22 0.22
41 20 19 0.32 0.32 0.32
22 20 19 0.02 0.02 0.02
22 20 22 0.15 0.15 0.15
30 20 22 0.01 0.01 0.01
23 20 23 0.12 0.12 0.12
26 20 24 0.26 0.26 0.26
43 21 18 0.29 0.29 0.29
19 21 16 0.23 0.23 0.23
20 21 16 0.10 0.10 0.10
20 20 19 0.00 0.00 0.00
43 21 19 0.17 0.17 0.17
19 21 17 0.02 0.02 0.02
42 21 19 0.38 0.38 0.38
39 21 20 0.30 0.30 0.30
38 21 20 0.45 0.45 0.45
41 21 19 0.32 0.32 0.32
18 21 16 0.03 0.03 0.03
21 21 19 0.39 0.39 0.39
40 21 19 0.24 0.24 0.24
18 21 17 0.01 0.01 0.01
22 21 19 0.08 0.08 0.08
24 20 24 0.26 0.26 0.26
21 21 20 0.06 0.06 0.06
13 21 29 0.09 0.09 0.09
24 20 25 0.00 0.00 0.00
22 21 20 0.22 0.22 0.22
17 21 28 0.29 0.29 0.29
12 21 29 0.34 0.34 0.34
31 20 23 0.00 0.00 0.00
31 21 22 0.26 0.26 0.26
15 21 28 0.16 0.16 0.16
22 21 21 0.20 0.20 0.20
40 21 20 0.03 0.03 0.03
18 21 27 0.31 0.31 0.31
17 21 27 0.00 0.00 0.00
18 21 28 0.01 0.01 0.01
11 21 29 0.03 0.03 0.03
16 21 28 0.29 0.29 0.29
37 21 20 0.08 0.08 0.08
23 21 22 0.07 0.07 0.07
25 21 24 0.26 0.26 0.26
32 21 22 0.29 0.29 0.29
33 21 22 0.28 0.28 0.28
22 21 22 0.15 0.15 0.15
37 21 21 0.21 0.21 0.21
35 21 21 0.27 0.27 0.27
23 21 23 0.12 0.12 0.12
36 21 21 0.28 0.28 0.28
34 21 21 0.20 0.20 0.20
34 21 22 0.08 0.08 0.08
23 21 25 0.18 0.18 0.18
30 21 23 0.27 0.27 0.27
31 21 23 0.04 0.04 0.04
29 21 23 0.28 0.28 0.28
27 21 23 0.05 0.05 0.05
28 21 23 0.28 0.28 0.28
23 21 24 0.28 0.28 0.28
27 21 24 0.24 0.24 0.24
19 21 27 0.33 0.33 0.33
26 21 24 0.26 0.26 0.26
24 21 24 0.28 0.28 0.28
19 21 28 0.01 0.01 0.01
19 22 16 0.29 0.29 0.29
20 22 16 0.16 0.16 0.16
18 22 16 0.05 0.05 0.05
19 22 17 0.01 0.01 0.01
43 22 18 0.31 0.31 0.31
42 22 19 0.37 0.37 0.37
43 22 19 0.17 0.17 0.17
40 22 19 0.29 0.29 0.29
39 22 20 0.28 0.28 0.28
40 22 20 0.00 0.00 0.00
41 22 19 0.32 0.32 0.32
38 22 20 0.46 0.46 0.46
37 22 20 0.09 0.09 0.09
37 22 21 0.19 0.19 0.19
15 22 28 0.17 0.17 0.17
13 22 29 0.07 0.07 0.07
12 22 29 0.32 0.32 0.32
36 22 21 0.27 0.27 0.27
35 22 21 0.25 0.25 0.25
17 22 28 0.30 0.30 0.30
18 22 28 0.01 0.01 0.01
21 22 19 0.39 0.39 0.39
18 22 27 0.31 0.31 0.31
16 22 28 0.31 0.31 0.31
22 22 19 0.09 0.09 0.09
20 22 19 0.02 0.02 0.02
21 22 20 0.05 0.05 0.05
39 22 19 0.02 0.02 0.02
44 22 18 0.02 0.02 0.02
22 22 20 0.22 0.22 0.22
34 22 21 0.20 0.20 0.20
19 23 16 0.28 0.28 0.28
20 23 16 0.15 0.15 0.15
34 22 22 0.08 0.08 0.08
22 22 21 0.20 0.20 0.20
33 22 22 0.29 0.29 0.29
18 23 16 0.03 0.03 0.03
32 22 22 0.29 0.29 0.29
23 22 22 0.06 0.06 0.06
24 21 25 0.00 0.00 0.00
19 23 17 0.01 0.01 0.01
23 22 23 0.13 0.13 0.13
30 22 23 0.27 0.27 0.27
31 22 22 0.21 0.21 0.21
22 22 22 0.17 0.17 0.17
29 22 23 0.27 0.27 0.27
31 22 23 0.07 0.07 0.07
27 22 23 0.06 0.06 0.06
28 22 23 0.27 0.27 0.27
27 22 24 0.22 0.22 0.22
23 22 24 0.28 0.28 0.28
26 22 24 0.27 0.27 0.27
25 22 24 0.26 0.26 0.26
15 23 28 0.17 0.17 0.17
12 23 29 0.14 0.14 0.14
13 23 29 0.03 0.03 0.03
24 22 24 0.26 0.26 0.26
19 22 27 0.29 0.29 0.29
23 22 25 0.17 0.17 0.17
24 22 25 0.01 0.01 0.01
17 23 28 0.28 0.28 0.28
18 23 28 0.02 0.02 0.02
16 23 28 0.31 0.31 0.31
43 23 18 0.39 0.39 0.39
44 23 18 0.06 0.06 0.06
43 23 19 0.10 0.10 0.10
42 23 19 0.42 0.42 0.42
40 23 19 0.37 0.37 0.37
39 23 19 0.14 0.14 0.14
39 23 20 0.28 0.28 0.28
41 23 19 0.42 0.42 0.42
38 23 20 0.47 0.47 0.47
37 23 20 0.08 0.08 0.08
37 23 21 0.20 0.20 0.20
36 23 21 0.28 0.28 0.28
21 23 19 0.41 0.41 0.41
20 23 17 0.00 0.00 0.00
35 23 21 0.27 0.27 0.27
12 23 24 0.13 0.13 0.13
22 23 19 0.02 0.02 0.02
20 23 19 0.05 0.05 0.05
12 23 25 0.11 0.11 0.11
21 23 20 0.03 0.03 0.03
13 23 26 0.18 0.18 0.18
13 23 25 0.06 0.06 0.06
22 23 20 0.20 0.20 0.20
34 23 21 0.17 0.17 0.17
13 23 27 0.22 0.22 0.22
13 23 28 0.07 0.07 0.07
34 23 22 0.11 0.11 0.11
33 23 22 0.29 0.29 0.29
42 23 18 0.03 0.03 0.03
22 23 21 0.20 0.20 0.20
19 23 27 0.30 0.30 0.30
19 24 16 0.28 0.28 0.28
18 23 27 0.29 0.29 0.29
20 24 16 0.15 0.15 0.15
22 23 22 0.16 0.16 0.16
18 24 16 0.02 0.02 0.02
32 23 22 0.29 0.29 0.29
19 24 17 0.01 0.01 0.01
23 23 22 0.03 0.03 0.03
23 23 23 0.15 0.15 0.15
31 23 22 0.21 0.21 0.21
30 23 23 0.22 0.22 0.22
12 24 24 0.25 0.25 0.25
29 23 23 0.25 0.25 0.25
31 23 23 0.08 0.08 0.08
28 23 23 0.26 0.26 0.26
43 24 19 0.42 0.42 0.42
23 23 24 0.31 0.31 0.31
12 24 25 0.21 0.21 0.21
42 24 19 0.33 0.33 0.33
40 24 20 0.26 0.26 0.26
40 23 20 0.04 0.04 0.04
39 24 20 0.29 0.29 0.29
44 24 18 0.13 0.13 0.13
27 23 24 0.25 0.25 0.25
27 23 23 0.04 0.04 0.04
41 24 19 0.31 0.31 0.31
13 24 26 0.32 0.32 0.32
44 24 19 0.16 0.16 0.16
25 23 24 0.26 0.26 0.26
26 23 24 0.28 0.28 0.28
44 23 19 0.00 0.00 0.00
38 24 20 0.29 0.29 0.29
40 24 19 0.02 0.02 0.02
24 23 24 0.23 0.23 0.23
13 24 25 0.09 0.09 0.09
37 24 20 0.06 0.06 0.06
37 24 21 0.22 0.22 0.22
23 23 25 0.16 0.16 0.16
24 23 25 0.05 0.05 0.05
36 24 21 0.28 0.28 0.28
13 24 27 0.28 0.28 0.28
35 24 21 0.28 0.28 0.28
30 23 21 0.14 0.14 0.14
18 24 28 0.07 0.07 0.07
17 24 28 0.29 0.29 0.29
20 24 17 0.00 0.00 0.00
31 23 21 0.10 0.10 0.10
16 24 28 0.30 0.30 0.30
30 23 22 0.02 0.02 0.02
28 23 21 0.19 0.19 0.19
15 24 28 0.18 0.18 0.18
29 23 21 0.18 0.18 0.18
26 23 21 0.05 0.05 0.05
27 23 21 0.16 0.16 0.16
13 24 28 0.11 0.11 0.11
29 23 22 0.01 0.01 0.01
34 24 21 0.14 0.14 0.14
34 24 22 0.15 0.15 0.15
33 24 22 0.29 0.29 0.29
21 24 19 0.42 0.42 0.42
20 24 19 0.06 0.06 0.06
30 24 21 0.25 0.25 0.25
31 24 21 0.27 0.27 0.27
21 24 20 0.04 0.04 0.04
22 24 20 0.20 0.20 0.20
28 24 21 0.25 0.25 0.25
41 24 20 0.00 0.00 0.00
28 24 20 0.03 0.03 0.03
31 24 22 0.06 0.06 0.06
29 24 21 0.25 0.25 0.25
27 23 20 0.03 0.03 0.03
26 23 20 0.01 0.01 0.01
26 24 20 0.08 0.08 0.08
27 24 20 0.26 0.26 0.26
32 24 22 0.29 0.29 0.29
22 24 21 0.21 0.21 0.21
19 25 16 0.26 0.26 0.26
26 24 21 0.18 0.18 0.18
27 24 21 0.00 0.00 0.00
20 25 16 0.15 0.15 0.15
19 24 27 0.30 0.30 0.30
12 25 24 0.24 0.24 0.24
18 24 27 0.27 0.27 0.27
18 25 16 0.02 0.02 0.02
22 24 22 0.13 0.13 0.13
20 25 17 0.01 0.01 0.01
12 25 25 0.16 0.16 0.16
23 24 23 0.19 0.19 0.19
22 23 23 0.00 0.00 0.00
22 24 23 0.06 0.06 0.06
13 25 25 0.12 0.12 0.12
13 25 26 0.29 0.29 0.29
27 24 24 0.19 0.19 0.19
40 25 20 0.22 0.22 0.22
23 24 24 0.29 0.29 0.29
39 25 20 0.28 0.28 0.28
44 25 18 0.17 0.17 0.17
26 24 24 0.27 0.27 0.27
42 25 19 0.32 0.32 0.32
43 25 19 0.36 0.36 0.36
44 25 19 0.13 0.13 0.13
25 24 24 0.27 0.27 0.27
38 25 20 0.28 0.28 0.28
41 25 19 0.29 0.29 0.29
24 24 24 0.18 0.18 0.18
13 25 27 0.26 0.26 0.26
24 24 25 0.09 0.09 0.09
37 25 20 0.07 0.07 0.07
40 25 19 0.04 0.04 0.04
23 24 25 0.17 0.17 0.17
37 25 21 0.20 0.20 0.20
36 25 21 0.27 0.27 0.27
18 25 28 0.10 0.10 0.10
17 25 28 0.30 0.30 0.30
35 25 21 0.25 0.25 0.25
16 25 28 0.28 0.28 0.28
13 25 28 0.12 0.12 0.12
15 25 28 0.18 0.18 0.18
19 25 17 0.00 0.00 0.00
42 25 17 0.07 0.07 0.07
34 25 21 0.12 0.12 0.12
21 25 19 0.39 0.39 0.39
34 25 22 0.14 0.14 0.14
33 25 22 0.26 0.26 0.26
20 25 19 0.08 0.08 0.08
19 26 16 0.27 0.27 0.27
30 25 21 0.21 0.21 0.21
31 25 21 0.24 0.24 0.24
21 25 20 0.06 0.06 0.06
20 26 16 0.18 0.18 0.18
28 25 21 0.24 0.24 0.24
22 25 20 0.19 0.19 0.19
29 25 21 0.24 0.24 0.24
31 25 22 0.06 0.06 0.06
18 26 16 0.03 0.03 0.03
19 25 27 0.28 0.28 0.28
27 25 20 0.20 0.20 0.20
26 25 20 0.05 0.05 0.05
22 25 21 0.22 0.22 0.22
27 25 21 0.03 0.03 0.03
20 26 17 0.03 0.03 0.03
26 25 21 0.19 0.19 0.19
19 26 17 0.01 0.01 0.01
18 25 27 0.23 0.23 0.23
32 25 22 0.26 0.26 0.26
12 26 24 0.25 0.25 0.25
22 25 22 0.12 0.12 0.12
13 26 25 0.14 0.14 0.14
12 26 25 0.17 0.17 0.17
42 26 17 0.01 0.01 0.01
13 26 26 0.31 0.31 0.31
40 26 20 0.28 0.28 0.28
23 25 23 0.17 0.17 0.17
39 26 20 0.30 0.30 0.30
22 25 23 0.07 0.07 0.07
43 26 19 0.39 0.39 0.39
42 26 19 0.33 0.33 0.33
38 26 20 0.28 0.28 0.28
13 26 27 0.30 0.30 0.30
23 25 24 0.25 0.25 0.25
44 26 18 0.24 0.24 0.24
41 26 19 0.29 0.29 0.29
44 26 19 0.13 0.13 0.13
37 26 21 0.25 0.25 0.25
37 26 20 0.03 0.03 0.03
27 25 24 0.14 0.14 0.14
40 26 19 0.02 0.02 0.02
25 25 24 0.25 0.25 0.25
26 25 24 0.27 0.27 0.27
24 25 24 0.12 0.12 0.12
36 26 21 0.28 0.28 0.28
17 26 28 0.31 0.31 0.31
18 26 28 0.10 0.10 0.10
23 25 25 0.17 0.17 0.17
24 25 25 0.14 0.14 0.14
35 26 21 0.27 0.27 0.27
16 26 28 0.29 0.29 0.29
13 26 28 0.11 0.11 0.11
15 26 28 0.20 0.20 0.20
34 26 21 0.12 0.12 0.12
21 26 19 0.41 0.41 0.41
34 26 22 0.17 0.17 0.17
20 26 19 0.10 0.10 0.10
33 26 22 0.29 0.29 0.29
30 26 21 0.26 0.26 0.26
21 26 20 0.06 0.06 0.06
31 26 21 0.43 0.43 0.43
41 26 20 0.01 0.01 0.01
22 26 20 0.20 0.20 0.20
27 26 20 0.31 0.31 0.31
26 26 20 0.26 0.26 0.26
28 25 20 0.00 0.00 0.00
28 26 20 0.24 0.24 0.24
28 26 21 0.07 0.07 0.07
31 26 22 0.02 0.02 0.02
26 26 21 0.14 0.14 0.14
29 26 21 0.22 0.22 0.22
19 26 27 0.34 0.34 0.34
22 26 21 0.23 0.23 0.23
32 26 22 0.28 0.28 0.28
19 27 16 0.28 0.28 0.28
18 26 27 0.23 0.23 0.23
20 27 16 0.14 0.14 0.14
23 26 23 0.19 0.19 0.19
22 26 22 0.14 0.14 0.14
18 27 16 0.03 0.03 0.03
20 27 17 0.04 0.04 0.04
19 27 17 0.02 0.02 0.02
12 27 24 0.26 0.26 0.26
42 27 19 0.22 0.22 0.22
43 27 19 0.19 0.19 0.19
32 26 20 0.16 0.16 0.16
22 26 23 0.11 0.11 0.11
44 27 18 0.11 0.11 0.11
23 26 24 0.32 0.32 0.32
45 26 18 0.00 0.00 0.00
40 27 20 0.15 0.15 0.15
45 27 18 0.04 0.04 0.04
31 26 20 0.11 0.11 0.11
41 27 19 0.26 0.26 0.26
39 27 20 0.20 0.20 0.20
27 26 24 0.17 0.17 0.17
44 27 19 0.11 0.11 0.11
12 27 25 0.16 0.16 0.16
13 27 25 0.14 0.14 0.14
25 26 24 0.25 0.25 0.25
13 27 26 0.29 0.29 0.29
26 26 24 0.28 0.28 0.28
41 27 20 0.01 0.01 0.01
24 26 24 0.11 0.11 0.11
38 27 20 0.27 0.27 0.27
24 26 25 0.18 0.18 0.18
23 26 25 0.19 0.19 0.19
37 27 20 0.19 0.19 0.19
37 27 21 0.17 0.17 0.17
36 27 21 0.24 0.24 0.24
13 27 27 0.31 0.31 0.31
29 26 20 0.08 0.08 0.08
32 27 17 0.39 0.39 0.39
35 27 21 0.38 0.38 0.38
32 27 18 0.20 0.20 0.20
38 27 15 0.33 0.33 0.33
39 27 15 0.25 0.25 0.25
37 27 15 0.25 0.25 0.25
32 26 18 0.14 0.14 0.14
40 27 16 0.19 0.19 0.19
17 27 28 0.29 0.29 0.29
18 27 28 0.11 0.11 0.11
36 27 15 0.09 0.09 0.09
41 27 16 0.10 0.10 0.10
27 27 17 0.16 0.16 0.16
43 27 17 0.06 0.06 0.06
16 27 28 0.32 0.32 0.32
32 26 19 0.25 0.25 0.25
40 27 15 0.03 0.03 0.03
40 27 17 0.22 0.22 0.22
26 27 17 0.07 0.07 0.07
27 26 17 0.05 0.05 0.05
36 27 16 0.28 0.28 0.28
37 27 16 0.20 0.20 0.20
38 27 16 0.20 0.20 0.20
13 27 28 0.07 0.07 0.07
42 27 17 0.25 0.25 0.25
26 26 17 0.02 0.02 0.02
35 27 16 0.28 0.28 0.28
41 27 17 0.26 0.26 0.26
43 27 18 0.25 0.25 0.25
39 27 16 0.20 0.20 0.20
15 27 28 0.17 0.17 0.17
26 26 18 0.14 0.14 0.14
27 26 18 0.10 0.10 0.10
42 27 16 0.00 0.00 0.00
21 27 19 0.41 0.41 0.41
32 27 19 0.01 0.01 0.01
39 27 17 0.21 0.21 0.21
20 27 19 0.10 0.10 0.10
31 26 19 0.01 0.01 0.01
34 27 21 0.08 0.08 0.08
34 27 16 0.23 0.23 0.23
34 27 22 0.20 0.20 0.20
26 27 18 0.03 0.03 0.03
27 27 18 0.01 0.01 0.01
40 27 18 0.30 0.30 0.30
41 27 18 0.30 0.30 0.30
42 27 18 0.32 0.32 0.32
39 27 18 0.33 0.33 0.33
26 26 19 0.22 0.22 0.22
35 27 17 0.18 0.18 0.18
36 27 17 0.20 0.20 0.20
37 27 17 0.20 0.20 0.20
38 27 17 0.20 0.20 0.20
33 27 22 0.30 0.30 0.30
34 27 17 0.27 0.27 0.27
27 26 19 0.04 0.04 0.04
38 27 18 0.25 0.25 0.25
21 27 20 0.06 0.06 0.06
37 27 18 0.20 0.20 0.20
37 27 19 0.31 0.31 0.31
22 27 20 0.20 0.20 0.20
36 27 19 0.27 0.27 0.27
30 27 20 0.35 0.35 0.35
31 27 20 0.29 0.29 0.29
31 27 21 0.21 0.21 0.21
30 26 20 0.02 0.02 0.02
32 26 21 0.05 0.05 0.05
38 27 19 0.24 0.24 0.24
30 27 21 0.00 0.00 0.00
39 27 19 0.21 0.21 0.21
40 27 19 0.17 0.17 0.17
28 27 20 0.33 0.33 0.33
35 27 19 0.31 0.31 0.31
35 27 18 0.18 0.18 0.18
36 27 18 0.20 0.20 0.20
29 27 20 0.38 0.38 0.38
27 27 15 0.13 0.13 0.13
32 27 21 0.08 0.08 0.08
27 27 16 0.37 0.37 0.37
22 27 21 0.21 0.21 0.21
34 27 18 0.21 0.21 0.21
32 27 16 0.18 0.18 0.18
26 27 20 0.33 0.33 0.33
27 27 20 0.27 0.27 0.27
36 27 20 0.21 0.21 0.21
35 27 20 0.31 0.31 0.31
39 28 15 0.27 0.27 0.27
26 27 16 0.00 0.00 0.00
37 28 15 0.28 0.28 0.28
38 28 15 0.32 0.32 0.32
19 27 27 0.35 0.35 0.35
22 27 22 0.15 0.15 0.15
38 27 21 0.00 0.00 0.00
23 27 23 0.18 0.18 0.18
34 27 19 0.04 0.04 0.04
33 27 17 0.02 0.02 0.02
36 28 15 0.06 0.06 0.06
12 28 24 0.26 0.26 0.26
32 27 22 0.23 0.23 0.23
36 28 16 0.23 0.23 0.23
18 27 27 0.23 0.23 0.23
26 27 21 0.13 0.13 0.13
35 28 16 0.27 0.27 0.27
22 27 23 0.12 0.12 0.12
23 27 24 0.28 0.28 0.28
12 28 25 0.15 0.15 0.15
34 28 16 0.30 0.30 0.30
13 28 25 0.15 0.15 0.15
25 27 24 0.27 0.27 0.27
13 28 26 0.31 0.31 0.31
24 27 24 0.07 0.07 0.07
24 27 25 0.19 0.19 0.19
23 27 25 0.17 0.17 0.17
27 28 15 0.43 0.43 0.43
27 27 24 0.19 0.19 0.19
32 28 16 0.30 0.30 0.30
35 28 21 0.45 0.45 0.45
13 28 27 0.30 0.30 0.30
36 28 21 0.01 0.01 0.01
26 27 24 0.28 0.28 0.28
33 27 16 0.02 0.02 0.02
33 28 16 0.06 0.06 0.06
34 28 18 0.26 0.26 0.26
19 28 16 0.29 0.29 0.29
20 28 16 0.14 0.14 0.14
17 28 28 0.30 0.30 0.30
16 28 28 0.31 0.31 0.31
18 28 16 0.02 0.02 0.02
20 28 17 0.05 0.05 0.05
19 28 17 0.00 0.00 0.00
15 28 28 0.17 0.17 0.17
28 27 19 0.06 0.06 0.06
28 28 19 0.30 0.30 0.30
27 28 14 0.13 0.13 0.13
28 28 14 0.28 0.28 0.28
30 28 20 0.04 0.04 0.04
31 28 20 0.20 0.20 0.20
29 27 19 0.00 0.00 0.00
29 28 19 0.33 0.33 0.33
29 28 20 0.02 0.02 0.02
27 28 19 0.39 0.39 0.39
29 28 14 0.23 0.23 0.23
27 27 19 0.14 0.14 0.14
28 28 15 0.26 0.26 0.26
30 28 15 0.27 0.27 0.27
31 28 15 0.36 0.36 0.36
34 28 17 0.27 0.27 0.27
30 28 14 0.14 0.14 0.14
29 28 15 0.25 0.25 0.25
32 28 15 0.30 0.30 0.30
26 27 19 0.01 0.01 0.01
22 28 21 0.23 0.23 0.23
26 28 20 0.09 0.09 0.09
27 28 16 0.13 0.13 0.13
31 28 16 0.27 0.27 0.27
23 28 23 0.22 0.22 0.22
34 28 22 0.22 0.22 0.22
18 28 28 0.13 0.13 0.13
13 28 28 0.08 0.08 0.08
21 28 19 0.41 0.41 0.41
20 28 19 0.08 0.08 0.08
19 28 27 0.39 0.39 0.39
34 28 19 0.06 0.06 0.06
35 28 19 0.19 0.19 0.19
21 28 20 0.07 0.07 0.07
18 28 27 0.20 0.20 0.20
27 28 18 0.31 0.31 0.31
28 28 18 0.27 0.27 0.27
22 28 20 0.21 0.21 0.21
35 28 20 0.25 0.25 0.25
30 28 19 0.30 0.30 0.30
26 28 19 0.07 0.07 0.07
31 28 19 0.36 0.36 0.36
23 28 25 0.20 0.20 0.20
27 28 24 0.22 0.22 0.22
31 28 14 0.04 0.04 0.04
26 28 24 0.30 0.30 0.30
25 28 24 0.26 0.26 0.26
28 28 16 0.25 0.25 0.25
29 28 16 0.25 0.25 0.25
22 28 22 0.14 0.14 0.14
30 28 16 0.25 0.25 0.25
27 28 20 0.03 0.03 0.03
29 28 17 0.24 0.24 0.24
34 28 21 0.08 0.08 0.08
30 28 17 0.22 0.22 0.22
28 28 17 0.21 0.21 0.21
33 28 22 0.28 0.28 0.28
32 28 17 0.10 0.10 0.10
39 29 15 0.33 0.33 0.33
32 28 22 0.15 0.15 0.15
31 28 17 0.24 0.24 0.24
22 28 23 0.10 0.10 0.10
38 29 15 0.32 0.32 0.32
23 28 24 0.27 0.27 0.27
12 29 24 0.23 0.23 0.23
37 29 15 0.28 0.28 0.28
27 28 17 0.16 0.16 0.16
19 29 16 0.26 0.26 0.26
36 29 15 0.05 0.05 0.05
29 28 18 0.25 0.25 0.25
30 28 18 0.22 0.22 0.22
20 29 16 0.13 0.13 0.13
36 29 16 0.22 0.22 0.22
24 28 24 0.06 0.06 0.06
31 28 18 0.25 0.25 0.25
32 28 18 0.06 0.06 0.06
24 28 25 0.21 0.21 0.21
12 29 25 0.14 0.14 0.14
35 29 16 0.26 0.26 0.26
18 29 16 0.02 0.02 0.02
18 29 17 0.02 0.02 0.02
20 29 17 0.06 0.06 0.06
27 29 14 0.02 0.02 0.02
28 29 14 0.14 0.14 0.14
28 29 15 0.27 0.27 0.27
13 29 25 0.16 0.16 0.16
29 29 14 0.14 0.14 0.14
27 29 15 0.39 0.39 0.39
19 29 17 0.00 0.00 0.00
30 29 14 0.08 0.08 0.08
34 29 16 0.31 0.31 0.31
13 29 26 0.28 0.28 0.28
29 29 15 0.25 0.25 0.25
30 29 15 0.24 0.24 0.24
33 29 16 0.05 0.05 0.05
32 28 19 0.04 0.04 0.04
31 29 14 0.02 0.02 0.02
31 29 15 0.27 0.27 0.27
34 29 17 0.27 0.27 0.27
32 29 15 0.10 0.10 0.10
27 29 16 0.18 0.18 0.18
35 29 21 0.46 0.46 0.46
13 29 27 0.29 0.29 0.29
32 28 20 0.01 0.01 0.01
36 29 21 0.02 0.02 0.02
31 29 16 0.09 0.09 0.09
32 29 16 0.22 0.22 0.22
34 29 18 0.25 0.25 0.25
27 29 17 0.24 0.24 0.24
21 29 19 0.42 0.42 0.42
20 29 19 0.07 0.07 0.07
13 29 28 0.13 0.13 0.13
40 29 15 0.00 0.00 0.00
17 29 28 0.32 0.32 0.32
18 29 28 0.18 0.18 0.18
32 29 18 0.01 0.01 0.01
21 29 20 0.07 0.07 0.07
34 29 19 0.08 0.08 0.08
15 29 28 0.18 0.18 0.18
27 29 18 0.16 0.16 0.16
16 29 28 0.31 0.31 0.31
22 29 20 0.22 0.22 0.22
35 29 19 0.17 0.17 0.17
22 29 21 0.20 0.20 0.20
35 29 20 0.25 0.25 0.25
27 29 19 0.07 0.07 0.07
28 29 16 0.17 0.17 0.17
30 29 16 0.10 0.10 0.10
29 29 16 0.15 0.15 0.15
22 29 22 0.16 0.16 0.16
23 29 23 0.20 0.20 0.20
28 29 17 0.01 0.01 0.01
32 29 22 0.03 0.03 0.03
33 29 22 0.27 0.27 0.27
29 29 17 0.01 0.01 0.01
30 29 17 0.01 0.01 0.01
31 29 17 0.00 0.00 0.00
22 29 23 0.10 0.10 0.10
34 29 21 0.01 0.01 0.01
23 29 24 0.23 0.23 0.23
34 29 22 0.27 0.27 0.27
12 30 24 0.20 0.20 0.20
25 29 24 0.26 0.26 0.26
39 30 15 0.31 0.31 0.31
40 30 15 0.03 0.03 0.03
38 30 15 0.30 0.30 0.30
37 30 15 0.27 0.27 0.27
24 29 24 0.03 0.03 0.03
24 29 25 0.25 0.25 0.25
23 29 25 0.19 0.19 0.19
19 30 16 0.26 0.26 0.26
12 30 25 0.16 0.16 0.16
20 30 16 0.12 0.12 0.12
19 29 27 0.40 0.40 0.40
28 29 24 0.03 0.03 0.03
36 30 16 0.22 0.22 0.22
36 30 15 0.03 0.03 0.03
13 30 25 0.13 0.13 0.13
27 30 15 0.29 0.29 0.29
13 30 26 0.27 0.27 0.27
35 30 16 0.23 0.23 0.23
18 29 27 0.20 0.20 0.20
18 30 16 0.02 0.02 0.02
20 30 17 0.06 0.06 0.06
34 30 16 0.28 0.28 0.28
18 30 17 0.01 0.01 0.01
19 30 17 0.01 0.01 0.01
27 29 24 0.30 0.30 0.30
34 30 17 0.25 0.25 0.25
32 30 16 0.30 0.30 0.30
26 29 24 0.28 0.28 0.28
13 30 27 0.30 0.30 0.30
33 30 16 0.05 0.05 0.05
21 30 19 0.38 0.38 0.38
35 30 21 0.46 0.46 0.46
20 30 19 0.07 0.07 0.07
34 30 18 0.23 0.23 0.23
13 30 28 0.16 0.16 0.16
36 30 21 0.01 0.01 0.01
35 29 22 0.00 0.00 0.00
21 30 20 0.08 0.08 0.08
17 30 28 0.34 0.34 0.34
18 30 28 0.17 0.17 0.17
15 30 28 0.17 0.17 0.17
22 30 20 0.18 0.18 0.18
16 30 28 0.32 0.32 0.32
34 30 19 0.10 0.10 0.10
28 30 24 0.14 0.14 0.14
35 30 19 0.15 0.15 0.15
22 30 21 0.17 0.17 0.17
27 30 16 0.01 0.01 0.01
35 30 20 0.24 0.24 0.24
22 30 22 0.15 0.15 0.15
23 30 23 0.19 0.19 0.19
22 30 23 0.09 0.09 0.09
19 31 16 0.39 0.39 0.39
20 31 16 0.13 0.13 0.13
27 30 24 0.29 0.29 0.29
23 30 24 0.20 0.20 0.20
26 30 24 0.31 0.31 0.31
12 31 24 0.21 0.21 0.21
34 30 22 0.24 0.24 0.24
18 31 16 0.04 0.04 0.04
37 31 15 0.32 0.32 0.32
38 31 15 0.32 0.32 0.32
25 30 24 0.30 0.30 0.30
33 30 22 0.37 0.37 0.37
18 31 17 0.01 0.01 0.01
20 31 17 0.14 0.14 0.14
27 31 15 0.07 0.07 0.07
24 30 25 0.23 0.23 0.23
19 31 17 0.04 0.04 0.04
23 30 25 0.20 0.20 0.20
36 31 15 0.06 0.06 0.06
36 31 16 0.24 0.24 0.24
12 31 25 0.23 0.23 0.23
39 31 15 0.40 0.40 0.40
40 31 15 0.04 0.04 0.04
27 31 16 0.33 0.33 0.33
13 31 26 0.30 0.30 0.30
24 30 24 0.08 0.08 0.08
29 30 23 0.25 0.25 0.25
30 30 23 0.19 0.19 0.19
35 31 16 0.29 0.29 0.29
19 30 27 0.39 0.39 0.39
32 30 22 0.24 0.24 0.24
20 30 27 0.02 0.02 0.02
20 29 27 0.00 0.00 0.00
13 31 25 0.07 0.07 0.07
18 30 27 0.17 0.17 0.17
21 31 19 0.44 0.44 0.44
31 30 22 0.12 0.12 0.12
13 31 27 0.29 0.29 0.29
20 31 19 0.29 0.29 0.29
31 30 23 0.10 0.10 0.10
32 31 16 0.15 0.15 0.15
34 31 16 0.28 0.28 0.28
28 30 23 0.06 0.06 0.06
33 31 16 0.00 0.00 0.00
34 31 17 0.27 0.27 0.27
32 31 17 0.33 0.33 0.33
30 30 22 0.01 0.01 0.01
33 31 17 0.00 0.00 0.00
21 31 20 0.07 0.07 0.07
13 31 28 0.18 0.18 0.18
22 31 20 0.18 0.18 0.18
27 30 23 0.03 0.03 0.03
18 31 28 0.19 0.19 0.19
17 31 28 0.32 0.32 0.32
25 30 25 0.00 0.00 0.00
34 31 18 0.25 0.25 0.25
16 31 28 0.31 0.31 0.31
15 31 28 0.21 0.21 0.21
22 31 21 0.22 0.22 0.22
39 31 14 0.01 0.01 0.01
34 30 21 0.11 0.11 0.11
22 31 22 0.16 0.16 0.16
33 30 21 0.02 0.02 0.02
30 31 23 0.26 0.26 0.26
33 31 22 0.24 0.24 0.24
34 31 19 0.11 0.11 0.11
32 31 22 0.33 0.33 0.33
29 31 23 0.33 0.33 0.33
23 31 23 0.20 0.20 0.20
28 31 23 0.31 0.31 0.31
35 31 19 0.17 0.17 0.17
31 31 22 0.30 0.30 0.30
30 31 22 0.06 0.06 0.06
22 31 23 0.10 0.10 0.10
19 32 13 0.28 0.28 0.28
35 31 20 0.26 0.26 0.26
18 32 13 0.01 0.01 0.01
27 31 23 0.14 0.14 0.14
18 31 13 0.00 0.00 0.00
19 32 14 0.29 0.29 0.29
18 31 14 0.05 0.05 0.05
18 32 14 0.04 0.04 0.04
23 31 24 0.23 0.23 0.23
25 31 24 0.25 0.25 0.25
27 31 24 0.13 0.13 0.13
15 32 20 0.21 0.21 0.21
35 31 21 0.16 0.16 0.16
19 31 14 0.07 0.07 0.07
26 31 24 0.28 0.28 0.28
24 31 24 0.29 0.29 0.29
12 32 24 0.09 0.09 0.09
13 32 23 0.22 0.22 0.22
20 31 20 0.20 0.20 0.20
14 32 20 0.02 0.02 0.02
13 32 24 0.22 0.22 0.22
12 32 23 0.00 0.00 0.00
19 31 15 0.18 0.18 0.18
23 31 25 0.12 0.12 0.12
18 31 15 0.07 0.07 0.07
14 32 21 0.16 0.16 0.16
15 32 21 0.18 0.18 0.18
24 31 25 0.01 0.01 0.01
37 32 15 0.23 0.23 0.23
38 32 15 0.28 0.28 0.28
20 31 21 0.16 0.16 0.16
12 32 25 0.03 0.03 0.03
13 32 25 0.25 0.25 0.25
39 32 15 0.28 0.28 0.28
19 31 27 0.39 0.39 0.39
18 32 15 0.07 0.07 0.07
19 32 15 0.14 0.14 0.14
20 31 27 0.03 0.03 0.03
40 32 15 0.08 0.08 0.08
34 31 21 0.32 0.32 0.32
14 32 22 0.25 0.25 0.25
15 32 22 0.24 0.24 0.24
36 32 16 0.27 0.27 0.27
37 32 16 0.16 0.16 0.16
37 31 16 0.00 0.00 0.00
33 31 21 0.08 0.08 0.08
18 31 27 0.17 0.17 0.17
35 32 16 0.29 0.29 0.29
15 32 24 0.12 0.12 0.12
13 32 22 0.04 0.04 0.04
27 32 16 0.24 0.24 0.24
17 32 19 0.18 0.18 0.18
18 32 16 0.18 0.18 0.18
19 32 16 0.05 0.05 0.05
14 32 23 0.20 0.20 0.20
15 32 23 0.25 0.25 0.25
13 32 26 0.18 0.18 0.18
20 31 22 0.05 0.05 0.05
16 32 19 0.23 0.23 0.23
27 32 17 0.41 0.41 0.41
15 32 19 0.09 0.09 0.09
15 32 25 0.02 0.02 0.02
20 32 18 0.17 0.17 0.17
20 31 18 0.15 0.15 0.15
16 32 20 0.31 0.31 0.31
17 32 20 0.11 0.11 0.11
26 32 17 0.34 0.34 0.34
14 32 25 0.24 0.24 0.24
27 31 17 0.04 0.04 0.04
20 32 16 0.24 0.24 0.24
16 32 21 0.20 0.20 0.20
34 32 16 0.27 0.27 0.27
14 31 25 0.00 0.00 0.00
20 32 19 0.09 0.09 0.09
14 32 26 0.19 0.19 0.19
20 32 12 0.15 0.15 0.15
19 31 18 0.12 0.12 0.12
21 32 19 0.35 0.35 0.35
14 31 26 0.01 0.01 0.01
21 32 12 0.19 0.19 0.19
16 32 23 0.03 0.03 0.03
23 32 12 0.12 0.12 0.12
19 32 12 0.05 0.05 0.05
32 32 17 0.25 0.25 0.25
34 32 17 0.27 0.27 0.27
22 32 12 0.12 0.12 0.12
24 32 12 0.14 0.14 0.14
25 32 12 0.14 0.14 0.14
16 32 22 0.12 0.12 0.12
34 32 11 0.14 0.14 0.14
14 32 24 0.20 0.20 0.20
35 32 21 0.17 0.17 0.17
26 32 12 0.17 0.17 0.17
27 32 12 0.20 0.20 0.20
20 32 17 0.23 0.23 0.23
35 32 12 0.23 0.23 0.23
28 32 12 0.18 0.18 0.18
30 32 12 0.13 0.13 0.13
18 32 17 0.19 0.19 0.19
26 32 18 0.26 0.26 0.26
27 32 18 0.29 0.29 0.29
17 32 21 0.01 0.01 0.01
32 32 12 0.09 0.09 0.09
33 32 11 0.02 0.02 0.02
33 32 12 0.22 0.22 0.22
32 32 18 0.45 0.45 0.45
29 32 12 0.14 0.14 0.14
19 31 19 0.10 0.10 0.10
36 32 12 0.10 0.10 0.10
32 31 18 0.04 0.04 0.04
31 32 12 0.05 0.05 0.05
20 32 13 0.18 0.18 0.18
17 32 15 0.00 0.00 0.00
34 32 12 0.24 0.24 0.24
35 32 11 0.01 0.01 0.01
21 32 13 0.22 0.22 0.22
22 32 13 0.29 0.29 0.29
23 32 13 0.29 0.29 0.29
38 32 13 0.04 0.04 0.04
17 32 16 0.14 0.14 0.14
24 32 13 0.27 0.27 0.27
25 32 13 0.27 0.27 0.27
13 32 27 0.15 0.15 0.15
26 32 13 0.23 0.23 0.23
27 32 13 0.21 0.21 0.21
28 32 13 0.20 0.20 0.20
38 32 14 0.22 0.22 0.22
29 32 13 0.21 0.21 0.21
35 32 20 0.14 0.14 0.14
36 32 13 0.23 0.23 0.23
37 32 13 0.26 0.26 0.26
31 32 13 0.21 0.21 0.21
32 32 13 0.22 0.22 0.22
30 32 13 0.21 0.21 0.21
21 32 20 0.08 0.08 0.08
22 32 20 0.30 0.30 0.30
34 32 18 0.34 0.34 0.34
39 32 14 0.14 0.14 0.14
33 32 13 0.24 0.24 0.24
35 32 13 0.18 0.18 0.18
14 32 27 0.03 0.03 0.03
26 32 19 0.26 0.26 0.26
27 32 19 0.24 0.24 0.24
32 32 19 0.36 0.36 0.36
20 32 14 0.19 0.19 0.19
22 32 21 0.22 0.22 0.22
17 32 17 0.24 0.24 0.24
40 32 14 0.00 0.00 0.00
30 32 14 0.23 0.23 0.23
31 32 14 0.24 0.24 0.24
23 32 14 0.20 0.20 0.20
24 32 14 0.20 0.20 0.20
25 32 14 0.19 0.19 0.19
21 32 14 0.20 0.20 0.20
22 32 14 0.20 0.20 0.20
13 32 28 0.03 0.03 0.03
34 32 13 0.21 0.21 0.21
35 32 18 0.04 0.04 0.04
18 32 22 0.24 0.24 0.24
20 32 15 0.22 0.22 0.22
19 32 18 0.01 0.01 0.01
26 32 14 0.20 0.20 0.20
27 32 14 0.20 0.20 0.20
28 32 14 0.20 0.20 0.20
29 32 14 0.20 0.20 0.20
17 32 22 0.02 0.02 0.02
16 32 17 0.04 0.04 0.04
19 32 19 0.09 0.09 0.09
37 32 14 0.35 0.35 0.35
32 32 14 0.21 0.21 0.21
30 32 15 0.25 0.25 0.25
33 32 14 0.22 0.22 0.22
26 32 21 0.34 0.34 0.34
31 32 15 0.22 0.22 0.22
32 32 15 0.24 0.24 0.24
33 32 15 0.18 0.18 0.18
34 32 19 0.25 0.25 0.25
21 32 16 0.25 0.25 0.25
26 32 20 0.27 0.27 0.27
17 32 28 0.13 0.13 0.13
17 32 18 0.20 0.20 0.20
18 32 18 0.06 0.06 0.06
31 32 19 0.26 0.26 0.26
35 32 19 0.12 0.12 0.12
36 32 14 0.29 0.29 0.29
23 32 23 0.25 0.25 0.25
16 32 18 0.20 0.20 0.20
22 32 22 0.12 0.12 0.12
16 32 26 0.14 0.14 0.14
15 32 28 0.11 0.11 0.11
32 32 20 0.25 0.25 0.25
35 32 14 0.24 0.24 0.24
31 32 20 0.31 0.31 0.31
17 32 23 0.09 0.09 0.09
18 32 23 0.20 0.20 0.20
34 32 14 0.23 0.23 0.23
21 32 15 0.18 0.18 0.18
22 32 15 0.18 0.18 0.18
23 32 15 0.18 0.18 0.18
24 32 15 0.18 0.18 0.18
25 32 15 0.17 0.17 0.17
30 32 16 0.26 0.26 0.26
19 31 20 0.02 0.02 0.02
19 32 20 0.17 0.17 0.17
22 32 16 0.20 0.20 0.20
30 32 23 0.09 0.09 0.09
17 32 24 0.18 0.18 0.18
15 32 27 0.02 0.02 0.02
26 32 15 0.18 0.18 0.18
27 32 15 0.18 0.18 0.18
28 32 15 0.18 0.18 0.18
34 32 15 0.19 0.19 0.19
35 32 15 0.19 0.19 0.19
29 32 15 0.18 0.18 0.18
31 32 16 0.20 0.20 0.20
32 32 16 0.20 0.20 0.20
33 32 16 0.20 0.20 0.20
17 32 25 0.30 0.30 0.30
23 32 17 0.24 0.24 0.24
29 32 23 0.17 0.17 0.17
36 32 15 0.19 0.19 0.19
31 32 21 0.27 0.27 0.27
16 32 27 0.19 0.19 0.19
17 32 27 0.20 0.20 0.20
18 32 20 0.06 0.06 0.06
38 32 16 0.04 0.04 0.04
18 32 25 0.26 0.26 0.26
15 32 18 0.00 0.00 0.00
21 32 17 0.20 0.20 0.20
22 32 17 0.26 0.26 0.26
24 32 17 0.25 0.25 0.25
25 32 17 0.26 0.26 0.26
23 32 24 0.24 0.24 0.24
18 32 28 0.05 0.05 0.05
18 32 19 0.00 0.00 0.00
33 32 22 0.10 0.10 0.10
20 32 23 0.16 0.16 0.16
22 32 23 0.09 0.09 0.09
25 32 24 0.19 0.19 0.19
28 32 23 0.27 0.27 0.27
30 32 17 0.22 0.22 0.22
19 32 21 0.28 0.28 0.28
24 32 24 0.25 0.25 0.25
32 32 21 0.24 0.24 0.24
16 32 25 0.07 0.07 0.07
16 32 28 0.19 0.19 0.19
23 32 16 0.20 0.20 0.20
24 32 16 0.20 0.20 0.20
25 32 16 0.18 0.18 0.18
27 32 23 0.24 0.24 0.24
32 32 22 0.20 0.20 0.20
34 32 21 0.29 0.29 0.29
20 32 20 0.01 0.01 0.01
21 32 18 0.20 0.20 0.20
28 32 17 0.26 0.26 0.26
35 32 17 0.04 0.04 0.04
23 32 18 0.20 0.20 0.20
24 32 18 0.22 0.22 0.22
25 32 18 0.24 0.24 0.24
18 32 24 0.20 0.20 0.20
23 32 25 0.04 0.04 0.04
24 32 25 0.00 0.00 0.00
33 32 18 0.27 0.27 0.27
29 32 17 0.24 0.24 0.24
26 32 16 0.20 0.20 0.20
28 32 16 0.20 0.20 0.20
31 32 22 0.29 0.29 0.29
26 32 24 0.14 0.14 0.14
29 32 16 0.20 0.20 0.20
18 32 21 0.18 0.18 0.18
17 32 26 0.20 0.20 0.20
18 32 26 0.27 0.27 0.27
33 32 21 0.23 0.23 0.23
28 32 18 0.20 0.20 0.20
27 32 24 0.04 0.04 0.04
20 32 21 0.02 0.02 0.02
31 32 17 0.20 0.20 0.20
33 32 17 0.20 0.20 0.20
30 32 22 0.20 0.20 0.20
22 32 18 0.20 0.20 0.20
20 32 22 0.09 0.09 0.09
29 32 18 0.20 0.20 0.20
30 32 18 0.18 0.18 0.18
19 32 22 0.26 0.26 0.26
23 32 20 0.20 0.20 0.20
22 32 19 0.22 0.22 0.22
23 32 19 0.20 0.20 0.20
24 32 19 0.20 0.20 0.20
25 32 19 0.18 0.18 0.18
30 32 20 0.24 0.24 0.24
16 32 24 0.00 0.00 0.00
33 32 19 0.30 0.30 0.30
29 32 20 0.22 0.22 0.22
19 32 23 0.22 0.22 0.22
23 32 21 0.26 0.26 0.26
24 32 21 0.28 0.28 0.28
18 32 27 0.21 0.21 0.21
31 32 18 0.20 0.20 0.20
28 32 19 0.20 0.20 0.20
29 32 21 0.27 0.27 0.27
30 32 21 0.19 0.19 0.19
29 32 19 0.20 0.20 0.20
30 32 19 0.19 0.19 0.19
20 32 24 0.15 0.15 0.15
25 32 21 0.21 0.21 0.21
19 32 24 0.23 0.23 0.23
24 32 20 0.18 0.18 0.18
25 32 20 0.17 0.17 0.17
28 32 21 0.23 0.23 0.23
27 32 20 0.19 0.19 0.19
23 32 22 0.20 0.20 0.20
24 32 22 0.22 0.22 0.22
25 32 22 0.26 0.26 0.26
33 32 20 0.18 0.18 0.18
28 32 20 0.18 0.18 0.18
28 32 22 0.29 0.29 0.29
29 32 22 0.20 0.20 0.20
34 32 20 0.19 0.19 0.19
19 32 25 0.27 0.27 0.27
20 32 25 0.09 0.09 0.09
24 32 23 0.20 0.20 0.20
25 32 23 0.18 0.18 0.18
27 32 21 0.27 0.27 0.27
19 32 26 0.29 0.29 0.29
26 32 22 0.25 0.25 0.25
27 32 22 0.20 0.20 0.20
20 32 26 0.07 0.07 0.07
19 32 27 0.14 0.14 0.14
20 32 27 0.02 0.02 0.02
26 32 23 0.20 0.20 0.20
