12.0 16.0 29.0 0.3611408199643494 0.3497326203208555 0.3440285204991087
11.0 16.0 29.0 0.4449290060851927 0.3542258282623394 0.3620351588911427
15.0 17.0 28.0 0.868710480935045 0.8438909114134253 0.8443507696238105
16.0 17.0 28.0 0.8698812858476724 0.8668800853674803 0.8630652260904362
17.0 17.0 28.0 0.9046467902229386 0.8758528068761752 0.8627988181573999
18.0 17.0 27.0 0.8746694026447788 0.8386684906520748 0.8312129502963974
18.0 17.0 28.0 0.8746694026447788 0.8668800853674803 0.8630652260904362
13.0 16.0 29.0 0.4449290060851927 0.3542258282623394 0.3620351588911427
13.0 17.0 29.0 0.9765987440727923 0.899602716903755 0.8862745098039218
12.0 17.0 29.0 0.9859824780976224 0.9575302461410098 0.9611180642469755
15.0 18.0 28.0 0.9933697190216292 0.9793814432989691 0.9764436358735936
18.0 18.0 28.0 0.997465845543994 0.9977914631556594 0.992312592907199
17.0 18.0 28.0 0.997520184544406 0.9955017301038062 0.9895040369088812
13.0 18.0 29.0 0.9889755452742895 0.963472130425204 0.9456267900418596
18.0 18.0 27.0 0.9959188326493388 0.994186046511628 0.9888280893752852
12.0 18.0 29.0 0.9949472096530922 0.9947209653092006 0.9915535444947212
11.0 17.0 29.0 0.9765987440727923 0.899602716903755 0.8862745098039218
16.0 18.0 28.0 0.997465845543994 0.9977914631556594 0.992312592907199
11.0 17.0 30.0 0.6543417366946779 0.5956204379562043 0.5727357609710552
12.0 17.0 30.0 0.9765987440727923 0.899602716903755 0.8862745098039218
11.0 18.0 29.0 0.9889755452742895 0.963472130425204 0.9456267900418596
11.0 18.0 30.0 0.95149833518313 0.9318257491675916 0.9199778024417314
12.0 18.0 30.0 0.9889755452742895 0.963472130425204 0.9456267900418596
11.0 18.0 31.0 0.7383282364933741 0.7165857168555496 0.6985908736583318
25.0 18.0 24.0 0.6938869665513264 0.7370242214532872 0.7582468281430219
26.0 18.0 24.0 0.7372549019607844 0.788235294117647 0.8196078431372549
22.0 19.0 22.0 0.9411764705882352 0.9882352941176472 0.996078431372549
23.0 19.0 22.0 0.7659863945578232 0.8108043217286914 0.8250500200080032
23.0 18.0 25.0 0.5023965141612201 0.5169498910675383 0.5200000000000001
24.0 18.0 25.0 0.6006820119352089 0.6275788576300085 0.6339727195225917
23.0 19.0 23.0 0.8053475935828878 0.8491978609625669 0.8762923351158647
27.0 19.0 23.0 0.7202153018069972 0.7823452518262207 0.8219607843137254
27.0 19.0 24.0 0.7167755991285404 0.7646711782057957 0.7967725143154607
23.0 19.0 24.0 0.650592320261438 0.6776348039215687 0.6832720588235294
23.0 18.0 24.0 0.6006820119352089 0.6275788576300085 0.6339727195225917
26.0 19.0 24.0 0.718706333107956 0.769754338517016 0.800563443768312
27.0 18.0 24.0 0.6938869665513264 0.7370242214532872 0.7582468281430219
29.0 19.0 23.0 0.7202153018069972 0.7823452518262207 0.8219607843137254
30.0 19.0 23.0 0.7160747317795041 0.7813355530891603 0.8263596004439512
24.0 18.0 24.0 0.6795098039215688 0.7165686274509804 0.7320098039215687
28.0 19.0 23.0 0.7160747317795041 0.7813355530891603 0.8263596004439512
25.0 19.0 24.0 0.7167755991285404 0.7609810949469393 0.7831752055660974
24.0 19.0 24.0 0.6983249980154003 0.7350321505120267 0.7492895133762009
17.0 19.0 28.0 0.731805134424904 0.6805659995957146 0.6906893066504953
18.0 19.0 28.0 0.989313725490196 0.9620751633986928 0.9530718954248366
15.0 19.0 28.0 0.731805134424904 0.6805659995957146 0.6906893066504953
18.0 19.0 27.0 0.9850361197110428 0.9523219814241486 0.93859649122807
24.0 19.0 25.0 0.650592320261438 0.6776348039215687 0.6832720588235294
13.0 19.0 29.0 0.9583875459380494 0.8866351662900319 0.8835992604259398
16.0 19.0 28.0 0.6744909502262443 0.5815422322775263 0.5861990950226244
23.0 19.0 25.0 0.5992260061919505 0.6160474716202271 0.6181114551083591
12.0 19.0 29.0 0.9929411764705882 0.9951372549019608 0.9941960784313726
15.0 19.0 29.0 0.6744909502262443 0.5815422322775263 0.5861990950226244
22.0 19.0 21.0 0.9411764705882352 0.9882352941176472 0.996078431372549
11.0 19.0 29.0 0.9583875459380494 0.8866351662900319 0.8835992604259398
12.0 19.0 30.0 0.9583875459380494 0.8866351662900319 0.8835992604259398
15.0 20.0 28.0 0.950843593251254 0.9445052439580484 0.9305821553427572
11.0 19.0 30.0 0.8690809657196213 0.7937041483259971 0.7889955982392957
19.0 19.0 27.0 0.989313725490196 0.9620751633986928 0.9530718954248366
17.0 20.0 28.0 0.950843593251254 0.9445052439580484 0.9305821553427572
16.0 19.0 29.0 0.731805134424904 0.6805659995957146 0.6906893066504953
23.0 20.0 22.0 0.6059265811587793 0.6333480760725343 0.6426065162907268
12.0 20.0 29.0 0.9773809523809524 0.978221288515406 0.9816526610644258
19.0 19.0 28.0 0.9850361197110428 0.9523219814241486 0.93859649122807
13.0 20.0 29.0 0.8878767071030749 0.8042114900434882 0.7929961089494164
16.0 20.0 28.0 0.7967340127540378 0.797067763275523 0.7943262411347519
11.0 20.0 29.0 0.8878767071030749 0.8042114900434882 0.7929961089494164
23.0 20.0 24.0 0.6616221033868092 0.6833511586452763 0.6810516934046347
18.0 20.0 27.0 0.9931200550395598 0.983247334021328 0.9795837633298932
19.0 20.0 27.0 0.9971210706504824 0.9969187675070028 0.9950824774354186
17.0 19.0 29.0 0.5624808788763732 0.5516339869281047 0.5525865665415103
18.0 20.0 28.0 0.9971210706504824 0.9969187675070028 0.9950824774354186
19.0 20.0 28.0 0.9931200550395598 0.983247334021328 0.9795837633298932
11.0 20.0 30.0 0.1806892453951277 0.1717765894236482 0.1701128936423054
12.0 20.0 30.0 0.8878767071030749 0.8042114900434882 0.7929961089494164
15.0 20.0 29.0 0.6614289551437013 0.6156056943325275 0.596266451786194
16.0 20.0 29.0 0.950843593251254 0.9445052439580484 0.9305821553427572
25.0 20.0 24.0 0.7239819004524887 0.7664448584863809 0.7850057670126875
23.0 20.0 25.0 0.607843137254902 0.6235294117647059 0.6215686274509804
36.0 19.0 21.0 0.6542099192618224 0.7185697808535179 0.7637831603229527
36.0 20.0 21.0 0.6528990995539847 0.7173609357906252 0.760245729192965
35.0 19.0 21.0 0.6658823529411765 0.7286274509803922 0.7788235294117646
43.0 20.0 18.0 0.6329411764705882 0.4564705882352941 0.4258823529411765
35.0 20.0 21.0 0.6604452307238685 0.7257555653840484 0.768656936458794
31.0 19.0 22.0 0.7061728395061728 0.7722585330428468 0.8222222222222223
32.0 19.0 22.0 0.6930247508839603 0.758277081324333 0.804050144648023
33.0 19.0 22.0 0.6900735294117647 0.7579656862745098 0.8058823529411765
42.0 20.0 19.0 0.6329411764705882 0.4564705882352941 0.4258823529411765
43.0 20.0 19.0 0.5738075695394437 0.4731965344277246 0.4686183310533515
42.0 20.0 18.0 0.5738075695394437 0.4731965344277246 0.4686183310533515
30.0 19.0 22.0 0.6930247508839603 0.758277081324333 0.804050144648023
32.0 20.0 22.0 0.6917119789092108 0.7562860438292965 0.8025210084033615
33.0 20.0 22.0 0.6833203766087933 0.7495033255592987 0.7928651636866202
22.0 20.0 20.0 0.9306372549019608 0.978186274509804 0.9811274509803922
40.0 20.0 19.0 0.4300559212854816 0.3887307991788773 0.3919161888582147
22.0 20.0 21.0 0.935317741554453 0.9755256319395228 0.981053626269785
34.0 19.0 21.0 0.6542099192618224 0.7185697808535179 0.7637831603229527
34.0 20.0 21.0 0.6528990995539847 0.7173609357906252 0.760245729192965
40.0 20.0 20.0 0.619635655680712 0.6323459880406063 0.6497010151578362
30.0 20.0 23.0 0.70906432748538 0.7749054007567941 0.8164774681802547
39.0 20.0 20.0 0.6054428668018931 0.6136578769438807 0.6239350912778903
27.0 20.0 23.0 0.7223355119825707 0.7827625272331156 0.8203747276688454
28.0 20.0 23.0 0.72579185520362 0.7806938159879336 0.8164774681802547
34.0 19.0 22.0 0.677005347593583 0.7401069518716578 0.7885918003565062
34.0 20.0 22.0 0.6793083478116986 0.7428642343013154 0.7913295275916276
31.0 20.0 22.0 0.696358543417367 0.7619047619047619 0.8095238095238094
21.0 20.0 19.0 0.9306372549019608 0.978186274509804 0.9811274509803922
37.0 20.0 20.0 0.4423026353398501 0.4804321728691477 0.507665923512262
38.0 20.0 20.0 0.6120098039215687 0.6688725490196079 0.700735294117647
29.0 20.0 23.0 0.7223355119825707 0.7827625272331156 0.8203747276688454
21.0 20.0 20.0 0.935317741554453 0.9755256319395228 0.981053626269785
27.0 20.0 24.0 0.72579185520362 0.7806938159879336 0.8094117647058822
37.0 20.0 21.0 0.6427338013394657 0.697506656983781 0.73919147906076
41.0 20.0 19.0 0.619635655680712 0.6323459880406063 0.6497010151578362
22.0 20.0 19.0 0.8032035349351008 0.8112123722728528 0.8113228389947529
22.0 20.0 22.0 0.8123366013071894 0.8512254901960784 0.8705882352941176
30.0 20.0 22.0 0.6917119789092108 0.7562860438292965 0.8025210084033615
23.0 20.0 23.0 0.8123366013071894 0.8512254901960784 0.8705882352941176
26.0 20.0 24.0 0.7319255907491202 0.7828808446455504 0.8121920563097031
43.0 21.0 18.0 0.4930423782416192 0.4184376976597091 0.4021663504111322
19.0 21.0 16.0 0.6250169033130493 0.6439486139283299 0.6660806851476223
20.0 21.0 16.0 0.842107347989701 0.8646068528421469 0.8921766686472569
20.0 20.0 19.0 0.8032035349351008 0.8112123722728528 0.8113228389947529
43.0 21.0 19.0 0.498376037531577 0.4366654637315048 0.4409358835558764
19.0 21.0 17.0 0.842107347989701 0.8646068528421469 0.8921766686472569
42.0 21.0 19.0 0.5084545646215476 0.4697027197975965 0.4845315904139434
39.0 21.0 20.0 0.5814379084967319 0.5973856209150327 0.6047058823529412
38.0 21.0 20.0 0.6193805058255186 0.6745098039215687 0.7128161409491331
41.0 21.0 19.0 0.5772046749734375 0.5825944170771756 0.5998068192794359
18.0 21.0 16.0 0.842107347989701 0.8646068528421469 0.8921766686472569
21.0 21.0 19.0 0.9085335542667772 0.9580226456779892 0.9631593482463406
40.0 21.0 19.0 0.5084545646215476 0.4697027197975965 0.4845315904139434
18.0 21.0 17.0 0.1224400871459695 0.1111111111111111 0.1141612200435729
22.0 21.0 19.0 0.6762751021858895 0.6835140098335407 0.6835614003909721
24.0 20.0 24.0 0.7143609295570079 0.7500181554103122 0.7605664488017431
21.0 21.0 20.0 0.9335580065359478 0.9735702614379086 0.9787581699346406
13.0 21.0 29.0 0.8665595931205246 0.7977514555310178 0.7911262798634813
24.0 20.0 25.0 0.6616221033868092 0.6833511586452763 0.6810516934046347
22.0 21.0 20.0 0.9085335542667772 0.9580226456779892 0.9631593482463406
17.0 21.0 28.0 0.996078431372549 0.9803921568627452 0.9686274509803922
12.0 21.0 29.0 0.9322352941176472 0.9427450980392156 0.9770457516339868
31.0 20.0 23.0 0.7046191553544495 0.7687782805429866 0.8157239819004526
31.0 21.0 22.0 0.6809923969587834 0.7456102440976391 0.7911324529811925
15.0 21.0 28.0 0.989386865857454 0.94807033924681 0.925552443199502
22.0 21.0 21.0 0.9335580065359478 0.9735702614379086 0.9787581699346406
40.0 21.0 20.0 0.5772046749734375 0.5825944170771756 0.5998068192794359
18.0 21.0 27.0 0.996078431372549 0.9803921568627452 0.9686274509803922
17.0 21.0 27.0 0.9907667544629792 0.9738659642961662 0.9659496634474686
18.0 21.0 28.0 0.9949082858950032 0.9923308032890577 0.9864326375711576
11.0 21.0 29.0 0.8665595931205246 0.7977514555310178 0.7911262798634813
16.0 21.0 28.0 0.9949082858950032 0.9923308032890577 0.9864326375711576
37.0 21.0 20.0 0.4189441930618401 0.4522272498743087 0.4781598793363499
23.0 21.0 22.0 0.6500452488687782 0.6809653092006034 0.6850377073906486
25.0 21.0 24.0 0.7539705882352941 0.7844368240569772 0.8019519915589557
32.0 21.0 22.0 0.6904278074866309 0.7547237076648841 0.8020142602495546
33.0 21.0 22.0 0.6809923969587834 0.7456102440976391 0.7911324529811925
22.0 21.0 22.0 0.8511204481792717 0.8925770308123251 0.9062324929971988
37.0 21.0 21.0 0.6426208343419673 0.696151053013798 0.7365770999757928
35.0 21.0 21.0 0.6627218934911243 0.7270913098967396 0.7694628147116834
23.0 21.0 23.0 0.8511204481792717 0.8925770308123251 0.9062324929971988
36.0 21.0 21.0 0.6584810343351315 0.7173730627622227 0.7611953078174502
34.0 21.0 21.0 0.6584810343351315 0.7173730627622227 0.7611953078174502
34.0 21.0 22.0 0.6750723918259287 0.7399023744518906 0.7848101265822786
23.0 21.0 25.0 0.6254901960784314 0.6333333333333333 0.6215686274509804
30.0 21.0 23.0 0.7123039215686273 0.7781862745098042 0.8197058823529413
31.0 21.0 23.0 0.6937409024745268 0.7596369552187686 0.8020142602495546
29.0 21.0 23.0 0.7309837014974766 0.7920741292297511 0.8300488127740548
27.0 21.0 23.0 0.7309837014974766 0.7920741292297511 0.8300488127740548
28.0 21.0 23.0 0.7271459694989107 0.7804793028322438 0.8197058823529413
23.0 21.0 24.0 0.7539705882352941 0.7683823529411764 0.7559640522875816
27.0 21.0 24.0 0.7432515607139717 0.7844368240569772 0.8079302832244007
19.0 21.0 27.0 0.9907667544629792 0.9738659642961662 0.9659496634474686
26.0 21.0 24.0 0.7968662464985996 0.8268732492997201 0.8328606442577032
24.0 21.0 24.0 0.7968662464985996 0.8268732492997201 0.8328606442577032
19.0 21.0 28.0 0.9898176814585484 0.9720123839009288 0.9684623323013416
19.0 22.0 16.0 0.6789319983312473 0.6859129467389793 0.7043804755944931
20.0 22.0 16.0 0.7431915058513525 0.7582732697822213 0.8027900488258545
18.0 22.0 16.0 0.7431915058513525 0.7582732697822213 0.8027900488258545
19.0 22.0 17.0 0.7431915058513525 0.7582732697822213 0.8027900488258545
43.0 22.0 18.0 0.3397316821465428 0.3533539731682146 0.2984520123839009
42.0 22.0 19.0 0.5865782932891466 0.6163303277515386 0.5522255617575498
43.0 22.0 19.0 0.5610186212849919 0.5732026143790849 0.4866937970156615
40.0 22.0 19.0 0.8190045248868778 0.8829562594268475 0.8141779788838615
39.0 22.0 20.0 0.8190045248868778 0.8829562594268475 0.8141779788838615
40.0 22.0 20.0 0.6944022770398481 0.7921726755218217 0.8101359898798229
41.0 22.0 19.0 0.6944022770398481 0.7921726755218217 0.8101359898798229
38.0 22.0 20.0 0.6191610821543807 0.6724249193348227 0.7135765698684537
37.0 22.0 20.0 0.4044789489399821 0.4368169602866528 0.4613516472578879
37.0 22.0 21.0 0.6406294706723891 0.6932761087267524 0.7372212404275014
15.0 22.0 28.0 0.9896411394746578 0.9593192748797632 0.945778764335923
13.0 22.0 29.0 0.9266580161476357 0.8240051903114187 0.8161043829296424
12.0 22.0 29.0 0.9222333000997008 0.909272183449651 0.944499833831838
36.0 22.0 21.0 0.6496732026143791 0.7046477850399419 0.747076978939724
35.0 22.0 21.0 0.666024538470359 0.7232886136910905 0.7673202614379083
17.0 22.0 28.0 0.9915966386554622 0.9593192748797632 0.945778764335923
18.0 22.0 28.0 0.9910998774509804 0.955407475490196 0.9540747549019608
21.0 22.0 19.0 0.8986751457339694 0.945310015898251 0.9520932697403286
18.0 22.0 27.0 0.9861321948134092 0.9753953194180898 0.9688172043010752
16.0 22.0 28.0 0.9910998774509804 0.955407475490196 0.9540747549019608
22.0 22.0 19.0 0.710769767847792 0.7172746843544541 0.7182521673357771
20.0 22.0 19.0 0.710769767847792 0.7172746843544541 0.7182521673357771
21.0 22.0 20.0 0.9334163294947608 0.9723207801639174 0.9766365805581494
39.0 22.0 19.0 0.6944022770398481 0.7921726755218217 0.8101359898798229
44.0 22.0 18.0 0.514279299506062 0.5114952851369555 0.4179913186648704
22.0 22.0 20.0 0.8986751457339694 0.945310015898251 0.9520932697403286
34.0 22.0 21.0 0.6496732026143791 0.7046477850399419 0.747076978939724
19.0 23.0 16.0 0.7384012066365008 0.7553544494720965 0.7596681749622926
20.0 23.0 16.0 0.6750163398692812 0.6615522875816995 0.6904738562091505
34.0 22.0 22.0 0.674125650260104 0.7369187675070026 0.7872589035614248
22.0 22.0 21.0 0.9334163294947608 0.9723207801639174 0.9766365805581494
33.0 22.0 22.0 0.6738695478191277 0.7366626650660264 0.7874189675870351
18.0 23.0 16.0 0.6750163398692812 0.6615522875816995 0.6904738562091505
32.0 22.0 22.0 0.674125650260104 0.7369187675070026 0.7872589035614248
23.0 22.0 22.0 0.750132485426603 0.7788023317435081 0.7833068362480127
24.0 21.0 25.0 0.7539705882352941 0.7683823529411764 0.7559640522875816
19.0 23.0 17.0 0.6750163398692812 0.6615522875816995 0.6904738562091505
23.0 22.0 23.0 0.8598431372549019 0.8897254901960785 0.9101176470588236
30.0 22.0 23.0 0.7100864074443336 0.7743768693918245 0.8197407776669992
31.0 22.0 22.0 0.6738695478191277 0.7366626650660264 0.7874189675870351
22.0 22.0 22.0 0.8598431372549019 0.8897254901960785 0.9101176470588236
29.0 22.0 23.0 0.7330250877643631 0.7912150012843565 0.8270228615463652
31.0 22.0 23.0 0.6835815871412942 0.748329546410839 0.7933013548767148
27.0 22.0 23.0 0.7330250877643631 0.7912150012843565 0.8270228615463652
28.0 22.0 23.0 0.7489395758303321 0.8027210884353742 0.8324929971988795
27.0 22.0 24.0 0.8046057571964957 0.8406341259908219 0.8537004589069672
23.0 22.0 24.0 0.809554367201426 0.8193761140819965 0.8023172905525847
26.0 22.0 24.0 0.9351205969113312 0.9502689571403784 0.9454277286135694
25.0 22.0 24.0 0.809554367201426 0.8406341259908219 0.8537004589069672
15.0 23.0 28.0 0.9924328249818448 0.9788525780682644 0.952723311546841
12.0 23.0 29.0 0.9356209150326796 0.9321895424836604 0.9558823529411764
13.0 23.0 29.0 0.8981068289384722 0.7988505747126438 0.7836713995943206
24.0 22.0 24.0 0.9351205969113312 0.9502689571403784 0.9454277286135694
19.0 22.0 27.0 0.9648395721925134 0.9454693998811646 0.9291146761734996
23.0 22.0 25.0 0.6533333333333333 0.6615686274509803 0.6494117647058824
24.0 22.0 25.0 0.809554367201426 0.8193761140819965 0.8023172905525847
17.0 23.0 28.0 0.9924328249818448 0.9788525780682644 0.952723311546841
18.0 23.0 28.0 0.9925636644699374 0.9810755837604752 0.9674070458058744
16.0 23.0 28.0 0.9925636644699374 0.9810755837604752 0.9674070458058744
43.0 23.0 18.0 0.2996078431372548 0.311843137254902 0.3301960784313726
44.0 23.0 18.0 0.314326090796679 0.3357828416651946 0.3627627627627627
43.0 23.0 19.0 0.3474903053143262 0.3756403954339395 0.3966901523840734
42.0 23.0 19.0 0.3444982698961937 0.3674740484429065 0.3890196078431372
40.0 23.0 19.0 0.3061947856065503 0.3304029304029303 0.3465524671407023
39.0 23.0 19.0 0.3001905464380109 0.3189132706374085 0.3406232712520744
39.0 23.0 20.0 0.4458704693998811 0.4713012477718359 0.4938799762329174
41.0 23.0 19.0 0.3474903053143262 0.3756403954339395 0.3966901523840734
38.0 23.0 20.0 0.614475201845444 0.6644752018454441 0.705594002306805
37.0 23.0 20.0 0.4183982050531655 0.4522290508243098 0.4784313725490196
37.0 23.0 21.0 0.6347385620915031 0.6873529411764705 0.7296568627450978
36.0 23.0 21.0 0.6465202389968863 0.7014221997811999 0.7423209627198519
21.0 23.0 19.0 0.9344226579520698 0.981917211328976 0.9847494553376906
20.0 23.0 17.0 0.7384012066365008 0.7553544494720965 0.7596681749622926
35.0 23.0 21.0 0.6645228758169935 0.7194248366013072 0.7648366013071894
12.0 23.0 24.0 0.5841354723707664 0.4471657754010695 0.4308734402852049
22.0 23.0 19.0 0.7653686826843413 0.7772438552885942 0.7783043358188347
20.0 23.0 19.0 0.7653686826843413 0.7772438552885942 0.7783043358188347
12.0 23.0 25.0 0.9263529411764704 0.7217254901960782 0.6850196078431372
21.0 23.0 20.0 0.931216577540107 0.963146167557932 0.968048128342246
13.0 23.0 26.0 0.9263529411764704 0.7217254901960782 0.6850196078431372
13.0 23.0 25.0 0.8848039215686275 0.6660130718954248 0.6332924836601306
22.0 23.0 20.0 0.9344226579520698 0.981917211328976 0.9847494553376906
34.0 23.0 21.0 0.6465202389968863 0.7014221997811999 0.7423209627198519
13.0 23.0 27.0 0.8389865036923859 0.7224598930481283 0.7032340208810798
13.0 23.0 28.0 0.7885288874908252 0.641522491349481 0.6280801090489672
34.0 23.0 22.0 0.6645228758169935 0.7194248366013072 0.7648366013071894
33.0 23.0 22.0 0.6610875277946231 0.7164746310895492 0.7593693147362037
42.0 23.0 18.0 0.314326090796679 0.3357828416651946 0.3627627627627627
22.0 23.0 21.0 0.931216577540107 0.963146167557932 0.968048128342246
19.0 23.0 27.0 0.8226388563393485 0.7930942895086323 0.7858761034294196
19.0 24.0 16.0 0.867578659370725 0.8701930384556923 0.8607995136038911
18.0 23.0 27.0 0.9745943867743176 0.963044982698962 0.9482045367166476
20.0 24.0 16.0 0.7596127247579529 0.7211780977951346 0.7324871857456677
22.0 23.0 22.0 0.8787723785166242 0.9082693947144076 0.9198635976129584
18.0 24.0 16.0 0.7596127247579529 0.7211780977951346 0.7324871857456677
32.0 23.0 22.0 0.6608161963972582 0.7161645145863221 0.7576916945640044
19.0 24.0 17.0 0.7596127247579529 0.7211780977951346 0.7324871857456677
23.0 23.0 22.0 0.8109025170351828 0.8380753719927688 0.843776943401474
23.0 23.0 23.0 0.8787723785166242 0.9082693947144076 0.9198635976129584
31.0 23.0 22.0 0.6448112841974735 0.6983647213826242 0.7406184608230644
30.0 23.0 23.0 0.6903040115128619 0.746753013131858 0.7845116028062603
12.0 24.0 24.0 0.6489096573208724 0.5502840388491843 0.5226681326736301
29.0 23.0 23.0 0.7252958841194137 0.7787670022964142 0.808514396749691
31.0 23.0 23.0 0.6628073451602864 0.7213818860877684 0.762776221599751
28.0 23.0 23.0 0.7643598615916956 0.8168396770472895 0.8452133794694349
43.0 24.0 19.0 0.500685588920883 0.5341149047031399 0.5589880707527767
23.0 23.0 24.0 0.8866365007541479 0.8924685771744595 0.8753343388637509
12.0 24.0 25.0 0.8837789661319072 0.7186147186147186 0.6874968169085816
42.0 24.0 19.0 0.5096429616622767 0.5456540825285336 0.5711296458882059
40.0 24.0 20.0 0.5475879240585122 0.5916122004357297 0.6253345782757547
40.0 23.0 20.0 0.3149664929262845 0.3319765036816414 0.3470836435840158
39.0 24.0 20.0 0.5713946869070208 0.6217583807716632 0.657099936748893
44.0 24.0 18.0 0.4079844550432787 0.4294647588765235 0.4500264970853205
27.0 23.0 24.0 0.9457051439822792 0.961735991467717 0.9613421937812784
27.0 23.0 23.0 0.7252958841194137 0.7787670022964142 0.808514396749691
41.0 24.0 19.0 0.5207843137254902 0.5594117647058823 0.5876470588235293
13.0 24.0 26.0 0.8837789661319072 0.7186147186147186 0.6874968169085816
44.0 24.0 19.0 0.4851001939237234 0.5160741219564748 0.5406916612798965
25.0 23.0 24.0 0.9457051439822792 0.961735991467717 0.9613421937812784
26.0 23.0 24.0 0.9536873156342184 0.9631788998785356 0.9606802012840536
44.0 23.0 19.0 0.3444982698961937 0.3674740484429065 0.3890196078431372
38.0 24.0 20.0 0.5945985941546431 0.6444691083980763 0.6836108028116907
40.0 24.0 19.0 0.5096429616622767 0.5456540825285336 0.5711296458882059
24.0 23.0 24.0 0.9536873156342184 0.9631788998785356 0.9606802012840536
13.0 24.0 25.0 0.8947570332480818 0.7244884910485934 0.6703324808184143
37.0 24.0 20.0 0.5713946869070208 0.6217583807716632 0.657099936748893
37.0 24.0 21.0 0.6203298055623923 0.6713430141931249 0.7084748543768972
23.0 23.0 25.0 0.6877450980392157 0.6957843137254902 0.6815686274509803
24.0 23.0 25.0 0.8866365007541479 0.8924685771744595 0.8753343388637509
36.0 24.0 21.0 0.6372467659262874 0.6912212187779675 0.7280286388414285
13.0 24.0 27.0 0.9337240431227842 0.7787569640402286 0.7316691990449316
35.0 24.0 21.0 0.6406504065040649 0.6943408257611986 0.7295392953929537
30.0 23.0 21.0 0.6554838709677421 0.7163314358001266 0.7532447817836811
18.0 24.0 28.0 0.9941018342821 0.9891049968374448 0.9782099936748893
17.0 24.0 28.0 0.9925993743801024 0.9787136644541086 0.9387502861066606
20.0 24.0 17.0 0.867578659370725 0.8701930384556923 0.8607995136038911
31.0 23.0 21.0 0.6671094244149272 0.7266603415559773 0.7676470588235296
16.0 24.0 28.0 0.9941018342821 0.9891049968374448 0.9782099936748893
30.0 23.0 22.0 0.6671094244149272 0.7266603415559773 0.7676470588235296
28.0 23.0 21.0 0.6924210819079406 0.7546377416214713 0.7900709219858155
15.0 24.0 28.0 0.9925993743801024 0.9787136644541086 0.9387502861066606
29.0 23.0 21.0 0.6671094244149272 0.7266603415559773 0.7676470588235296
26.0 23.0 21.0 0.8480392156862745 0.923529411764706 0.940686274509804
27.0 23.0 21.0 0.7729512317747612 0.8309703368526897 0.8427350427350425
13.0 24.0 28.0 0.9608656740704582 0.827337075909202 0.7825400699698968
29.0 23.0 22.0 0.6554838709677421 0.7163314358001266 0.7532447817836811
34.0 24.0 21.0 0.6372467659262874 0.6912212187779675 0.7280286388414285
34.0 24.0 22.0 0.6406504065040649 0.6943408257611986 0.7295392953929537
33.0 24.0 22.0 0.6481203007518798 0.7004275394368273 0.7379920389208315
21.0 24.0 19.0 0.0972702806612841 0.0975778546712802 0.0968089196462898
20.0 24.0 19.0 0.8555160525748761 0.8668174962292609 0.8679918121094593
30.0 24.0 21.0 0.7112790070156503 0.757942075912934 0.7790609821910416
31.0 24.0 21.0 0.6886567711196628 0.7334616089426423 0.7543338830859446
21.0 24.0 20.0 0.942090017825312 0.969162210338681 0.973529411764706
22.0 24.0 20.0 0.5641456582633053 0.5676190476190476 0.5673949579831933
28.0 24.0 21.0 0.7468805704099825 0.7925133689839575 0.8110516934046348
41.0 24.0 20.0 0.5255961844197137 0.5650238473767885 0.5938880056527114
28.0 24.0 20.0 0.8126149574874199 0.8569668575394761 0.8758459135866737
31.0 24.0 22.0 0.621155830753354 0.6538011695906433 0.668231854145167
29.0 24.0 21.0 0.7323892519970951 0.7787944807552653 0.7959876543209877
27.0 23.0 20.0 0.8480392156862745 0.923529411764706 0.940686274509804
26.0 23.0 20.0 0.6995098039215685 0.768954248366013 0.8109477124183005
26.0 24.0 20.0 0.8126149574874199 0.8569668575394761 0.8758459135866737
27.0 24.0 20.0 0.98255186132424 0.9949417448138675 0.994202898550725
32.0 24.0 22.0 0.6398852223816355 0.6895743663318986 0.7219352781763111
22.0 24.0 21.0 0.942090017825312 0.969162210338681 0.973529411764706
19.0 25.0 16.0 0.876329411764706 0.8660392156862745 0.8511058823529413
26.0 24.0 21.0 0.98255186132424 0.9949417448138675 0.994202898550725
27.0 24.0 21.0 0.8126149574874199 0.8569668575394761 0.8758459135866737
20.0 25.0 16.0 0.7532250909413539 0.7063792032650165 0.7114896637387987
19.0 24.0 27.0 0.7561118064246976 0.749453483521068 0.7287108886107635
12.0 25.0 24.0 0.6183823529411765 0.5017156862745098 0.4755279034690798
18.0 24.0 27.0 0.9277139208173693 0.9261963789347156 0.9139208173690934
18.0 25.0 16.0 0.7532250909413539 0.7063792032650165 0.7114896637387987
22.0 24.0 22.0 0.8189505969985761 0.8369372329937562 0.8404425457333772
20.0 25.0 17.0 0.876329411764706 0.8660392156862745 0.8511058823529413
12.0 25.0 25.0 0.8760935143288086 0.7384615384615383 0.6920060331825038
23.0 24.0 23.0 0.5818531334102268 0.6006920415224913 0.5975394079200308
22.0 23.0 23.0 0.8109025170351828 0.8380753719927688 0.843776943401474
22.0 24.0 23.0 0.849973971889641 0.880409508936318 0.8838105153565852
13.0 25.0 25.0 0.839719887955182 0.6824929971988795 0.6336134453781511
13.0 25.0 26.0 0.8760935143288086 0.7384615384615383 0.6920060331825038
27.0 24.0 24.0 0.9599867065470258 0.970920571618478 0.9686440677966104
40.0 25.0 20.0 0.5521800281293953 0.6003143873583188 0.6350293703979479
23.0 24.0 24.0 0.9345379982058184 0.9388696655132642 0.9267461232859155
39.0 25.0 20.0 0.5617647058823529 0.6126808100289294 0.6471552555448408
44.0 25.0 18.0 0.4260987153482082 0.4586883029073699 0.480811359026369
26.0 24.0 24.0 0.9719352088661554 0.9772378516624044 0.9745439045183292
42.0 25.0 19.0 0.5292857705331128 0.5700448854240491 0.6006299708638476
43.0 25.0 19.0 0.520121554156718 0.559756891686564 0.5927067505969177
44.0 25.0 19.0 0.501385961550744 0.5392603947116306 0.570058120968257
25.0 24.0 24.0 0.9599867065470258 0.970920571618478 0.9686440677966104
38.0 25.0 20.0 0.5760649087221095 0.6270453008789723 0.6624070317782286
41.0 25.0 19.0 0.5406465288818232 0.579862215156333 0.6149443561208269
24.0 24.0 24.0 0.9719352088661554 0.9772378516624044 0.9745439045183292
13.0 25.0 27.0 0.9228228943399222 0.7982376756370563 0.7463681829006905
24.0 24.0 25.0 0.9345379982058184 0.9388696655132642 0.9267461232859155
37.0 25.0 20.0 0.5617647058823529 0.6126808100289294 0.6471552555448408
40.0 25.0 19.0 0.5292857705331128 0.5700448854240491 0.6006299708638476
23.0 24.0 25.0 0.712450980392157 0.7207843137254903 0.7023529411764706
37.0 25.0 21.0 0.61616368286445 0.667075873827792 0.7025063938618924
36.0 25.0 21.0 0.6420660856935366 0.6929557007988381 0.7286129266521423
18.0 25.0 28.0 0.9904894241161032 0.96709896557048 0.9331635016211208
17.0 25.0 28.0 0.991118800461361 0.9755940023068048 0.933748558246828
35.0 25.0 21.0 0.6393650793650792 0.6903454715219423 0.7217927170868347
16.0 25.0 28.0 0.9904894241161032 0.96709896557048 0.9331635016211208
13.0 25.0 28.0 0.9498698594482042 0.847128231823703 0.8109318063508589
15.0 25.0 28.0 0.991118800461361 0.967358708189158 0.931866864392816
19.0 25.0 17.0 0.7532250909413539 0.7063792032650165 0.7114896637387987
42.0 25.0 17.0 0.0 0.0 0.0
34.0 25.0 21.0 0.6420660856935366 0.6929557007988381 0.7286129266521423
21.0 25.0 19.0 0.2044587698092936 0.2046199301638463 0.2031694869728713
34.0 25.0 22.0 0.6393650793650792 0.6903454715219423 0.7217927170868347
33.0 25.0 22.0 0.6429395287526773 0.693194925028835 0.7245674740484427
20.0 25.0 19.0 0.8218354797540319 0.831407355841745 0.8326255946165448
19.0 26.0 16.0 0.8593695706130553 0.8536113179448995 0.8370811615785554
30.0 25.0 21.0 0.7324106113033448 0.7755478662053058 0.7907535563244907
31.0 25.0 21.0 0.7026324341891453 0.7452713682157945 0.7609576427255986
21.0 25.0 20.0 0.9494286057981476 0.9724768434981356 0.9771682906291352
20.0 26.0 16.0 0.7043471005423446 0.657555277430121 0.6602753441802254
28.0 25.0 21.0 0.996078431372549 0.996078431372549 0.996078431372549
22.0 25.0 20.0 0.4743529411764706 0.4767058823529412 0.4765490196078431
29.0 25.0 21.0 0.7854715219421101 0.8242577030812326 0.833762838468721
31.0 25.0 22.0 0.6243174781874472 0.65103668261563 0.6569659442724458
18.0 26.0 16.0 0.7043471005423446 0.657555277430121 0.6602753441802254
19.0 25.0 27.0 0.8573849640358656 0.8465267514040791 0.8298354517686471
27.0 25.0 20.0 0.9989729225023342 0.9980392156862746 0.9989729225023342
26.0 25.0 20.0 0.9835986159169552 0.9867589388696656 0.9875663206459055
22.0 25.0 21.0 0.9494286057981476 0.9724768434981356 0.9771682906291352
27.0 25.0 21.0 0.9835986159169552 0.9867589388696656 0.9875663206459055
20.0 26.0 17.0 0.8593695706130553 0.8536113179448995 0.8370811615785554
26.0 25.0 21.0 0.9989729225023342 0.9980392156862746 0.9989729225023342
19.0 26.0 17.0 0.7043471005423446 0.657555277430121 0.6602753441802254
18.0 25.0 27.0 0.929847494553377 0.906092148793674 0.8956023561688052
32.0 25.0 22.0 0.633359477124183 0.6740392156862747 0.699660130718954
12.0 26.0 24.0 0.7116557734204795 0.614106753812636 0.5762345679012346
22.0 25.0 22.0 0.8652349828820418 0.8798008092125738 0.8822491959746862
13.0 26.0 25.0 0.9310457516339872 0.7931917211328976 0.7362745098039215
12.0 26.0 25.0 0.90218954248366 0.7435947712418302 0.6917320261437909
42.0 26.0 17.0 0.0 0.0 0.0
13.0 26.0 26.0 0.90218954248366 0.7435947712418302 0.6917320261437909
40.0 26.0 20.0 0.5402879901960784 0.5859987745098039 0.6206954656862742
23.0 25.0 23.0 0.654279489573607 0.6720821661998131 0.6731403672580143
39.0 26.0 20.0 0.5508669583535893 0.6018311456814129 0.6369956246961592
22.0 25.0 23.0 0.8398431372549021 0.859372549019608 0.8623921568627451
43.0 26.0 19.0 0.5072908036454018 0.5473211819939242 0.5800883733775201
42.0 26.0 19.0 0.5249121162409187 0.5647840012499024 0.598406374501992
38.0 26.0 20.0 0.56385336743393 0.6148337595907928 0.6501278772378515
13.0 26.0 27.0 0.926625386996904 0.8009730207872623 0.7593837535014005
23.0 25.0 24.0 0.9864667435601696 0.9872356785851596 0.9805459438677432
44.0 26.0 18.0 0.2274509803921568 0.2490196078431372 0.2607843137254902
41.0 26.0 19.0 0.5354449472096531 0.5752639517345398 0.6105580693815986
44.0 26.0 19.0 0.4884040262989468 0.5277593529993599 0.5627392796881362
37.0 26.0 21.0 0.6022151119862169 0.6530970547214702 0.688079415866765
37.0 26.0 20.0 0.5508669583535893 0.6018311456814129 0.6369956246961592
27.0 25.0 24.0 0.970240217299041 0.980035650623886 0.9797810033104152
40.0 26.0 19.0 0.5249121162409187 0.5647840012499024 0.598406374501992
25.0 25.0 24.0 0.9864667435601696 0.9872356785851596 0.9805459438677432
26.0 25.0 24.0 0.9764150943396228 0.98094709581946 0.979337772844987
24.0 25.0 24.0 0.9764150943396228 0.98094709581946 0.979337772844987
36.0 26.0 21.0 0.6368010959842452 0.6866855038958813 0.7198904015754772
17.0 26.0 28.0 0.9908344733242136 0.9699498404012769 0.9387140902872776
18.0 26.0 28.0 0.9929620517408484 0.9882203832103184 0.9690300454782672
23.0 25.0 25.0 0.75769358590894 0.7658690594882018 0.7450980392156863
24.0 25.0 25.0 0.9864667435601696 0.9872356785851596 0.9805459438677432
35.0 26.0 21.0 0.63921568627451 0.6874232521291347 0.7187958011487424
16.0 26.0 28.0 0.9929620517408484 0.9882203832103184 0.9690300454782672
13.0 26.0 28.0 0.9900452488687782 0.9550075414781296 0.9204524886877828
15.0 26.0 28.0 0.9655123339658443 0.9150379506641368 0.8881720430107528
34.0 26.0 21.0 0.6368010959842452 0.6866855038958813 0.7198904015754772
21.0 26.0 19.0 0.5484467944481163 0.5490636704119851 0.5446574135272088
34.0 26.0 22.0 0.63921568627451 0.6874232521291347 0.7187958011487424
20.0 26.0 19.0 0.8908607510800931 0.9018500055389388 0.9022931206380856
33.0 26.0 22.0 0.6507949125596185 0.6937201907790144 0.7228404875463699
30.0 26.0 21.0 0.7309762202753441 0.779078014184397 0.8042344597413433
21.0 26.0 20.0 0.955837789661319 0.9789438502673796 0.9819741532976828
31.0 26.0 21.0 0.7048144257703081 0.7532212885154063 0.7821603641456584
41.0 26.0 20.0 0.5367156862745098 0.5797712418300651 0.6149673202614377
22.0 26.0 20.0 0.5028486866444691 0.5052164261931188 0.5055863854975953
27.0 26.0 20.0 0.9978256649194333 0.9973985633857504 0.996913220733838
26.0 26.0 20.0 0.9945517138152972 0.9950755874869032 0.9953450082323008
28.0 25.0 20.0 0.9835986159169552 0.9867589388696656 0.9875663206459055
28.0 26.0 20.0 0.9945517138152972 0.9950755874869032 0.9953450082323008
28.0 26.0 21.0 0.9978256649194333 0.9973985633857504 0.996913220733838
31.0 26.0 22.0 0.5472195435551269 0.5696560591449694 0.5767920282867245
26.0 26.0 21.0 0.82318237029325 0.8316501821967726 0.8362137775464169
29.0 26.0 21.0 0.8685963274198567 0.8965452847805789 0.907687519452225
19.0 26.0 27.0 0.6795835860117243 0.6668485951081464 0.6543763897311502
22.0 26.0 21.0 0.955837789661319 0.9789438502673796 0.9819741532976828
32.0 26.0 22.0 0.6351540616246497 0.6683317771553066 0.6873793962029257
19.0 27.0 16.0 0.9201864352298298 0.9144648023143686 0.920572163291546
18.0 26.0 27.0 0.9562792591084878 0.95190989890766 0.9333876110998032
20.0 27.0 16.0 0.708341369334619 0.64651237544198 0.6472999035679847
23.0 26.0 23.0 0.6127024722932651 0.6280477408354647 0.6221653878942882
22.0 26.0 22.0 0.8625695054141059 0.8746268656716418 0.8758560140474101
18.0 27.0 16.0 0.708341369334619 0.64651237544198 0.6472999035679847
20.0 27.0 17.0 0.9201864352298298 0.9144648023143686 0.920572163291546
19.0 27.0 17.0 0.708341369334619 0.64651237544198 0.6472999035679847
12.0 27.0 24.0 0.6698573975044564 0.53873440285205 0.4918894830659536
42.0 27.0 19.0 0.4526506899055919 0.4877511498426532 0.5168240135560397
43.0 27.0 19.0 0.4317173023055377 0.4648998060762767 0.4929971988795517
32.0 26.0 20.0 0.5183796595561301 0.5466494290023701 0.564274940745529
22.0 26.0 23.0 0.7956762192056309 0.8110273169096699 0.8110943522708229
44.0 27.0 18.0 0.2011491108071134 0.1958333333333333 0.2050245098039215
23.0 26.0 24.0 0.996936274509804 0.99640522875817 0.9925245098039216
45.0 26.0 18.0 0.4459546925566343 0.4850371216447743 0.5145059965733866
40.0 27.0 20.0 0.4994652406417112 0.5333333333333333 0.564349376114082
45.0 27.0 18.0 0.3617238562091504 0.392687908496732 0.4148692810457516
31.0 26.0 20.0 0.7007541478129713 0.7514328808446457 0.783107088989442
41.0 27.0 19.0 0.3999591503267973 0.4245915032679739 0.4439950980392156
39.0 27.0 20.0 0.483921568627451 0.5208156862745098 0.5502117647058823
27.0 26.0 24.0 0.9792189006750244 0.986531661845066 0.9854709096753456
44.0 27.0 19.0 0.4526506899055919 0.4877511498426532 0.5168240135560397
12.0 27.0 25.0 0.9562250916626815 0.8658377172007015 0.8116371751952814
13.0 27.0 25.0 0.9831852165326564 0.8432783185216532 0.7879249541543235
25.0 26.0 24.0 0.996936274509804 0.99640522875817 0.9925245098039216
13.0 27.0 26.0 0.9562250916626815 0.8658377172007015 0.8116371751952814
26.0 26.0 24.0 0.9830499024254252 0.9861351175541307 0.9819533500604034
41.0 27.0 20.0 0.483921568627451 0.5208156862745098 0.5502117647058823
24.0 26.0 24.0 0.9830499024254252 0.9861351175541307 0.9819533500604034
38.0 27.0 20.0 0.4265770308123249 0.452750700280112 0.4757422969187674
24.0 26.0 25.0 0.996936274509804 0.99640522875817 0.9925245098039216
23.0 26.0 25.0 0.7980392156862745 0.8060113519091846 0.7847007223942208
37.0 27.0 20.0 0.3936638410822844 0.4184091103690384 0.4402260467505779
37.0 27.0 21.0 0.4724170437405731 0.49960407239819 0.520682503770739
36.0 27.0 21.0 0.5195121951219511 0.549689143950263 0.5684481109516978
13.0 27.0 27.0 0.9466790668836704 0.8644191273347285 0.8181508176393087
29.0 26.0 20.0 0.9978256649194333 0.9973985633857504 0.996913220733838
32.0 27.0 17.0 0.453512037726483 0.464259121370067 0.4740630429386945
35.0 27.0 21.0 0.6617508975421154 0.703893951946976 0.7273128969897819
32.0 27.0 18.0 0.4175761871013465 0.4427474604299551 0.4606543822348216
38.0 27.0 15.0 0.2146552517720703 0.1783301113872779 0.1481726963085703
39.0 27.0 15.0 0.270751633986928 0.2508169934640522 0.2282679738562091
37.0 27.0 15.0 0.2186343068696009 0.167982997394762 0.1245029480323597
32.0 26.0 18.0 0.5403651115618661 0.5860040567951317 0.6207910750507099
40.0 27.0 16.0 0.2736154110767113 0.2508169934640522 0.2338493292053663
17.0 27.0 28.0 0.9951289989680084 0.994262125902993 0.9648297213622292
18.0 27.0 28.0 0.9864083786124892 0.9554925584691708 0.9276163477439168
36.0 27.0 15.0 0.2124337886813492 0.1567512312982064 0.1015890716476163
41.0 27.0 16.0 0.2522875816993463 0.2287581699346405 0.2107237956911159
27.0 27.0 17.0 0.5911519607843138 0.6350980392156863 0.6631617647058824
43.0 27.0 17.0 0.2313542239325636 0.2138171156312992 0.2018325087044163
16.0 27.0 28.0 0.9864083786124892 0.9554925584691708 0.9276163477439168
32.0 26.0 19.0 0.5699346405228758 0.607516339869281 0.6352941176470587
40.0 27.0 15.0 0.2146552517720703 0.1783301113872779 0.1481726963085703
40.0 27.0 17.0 0.2718150947529849 0.2517909957279 0.2394347683207361
26.0 27.0 17.0 0.8823529411764706 0.9254901960784314 0.9568627450980391
27.0 26.0 17.0 0.7859943977591035 0.8248366013071896 0.8530345471521942
36.0 27.0 16.0 0.2912866921916695 0.2667362803109409 0.2471516417217774
37.0 27.0 16.0 0.2888966237382526 0.2637660981552383 0.2420466411416637
38.0 27.0 16.0 0.2912866921916695 0.2667362803109409 0.2471516417217774
13.0 27.0 28.0 0.964005069708492 0.8878848877954223 0.848594646984269
42.0 27.0 17.0 0.2637816360024185 0.2429472229420402 0.2294895050531225
26.0 26.0 17.0 0.7145098039215687 0.7474509803921568 0.769673202614379
35.0 27.0 16.0 0.2520098039215686 0.2141830065359476 0.1857189542483659
41.0 27.0 17.0 0.2645614035087718 0.2440660474716201 0.2338906088751289
43.0 27.0 18.0 0.3617238562091504 0.392687908496732 0.4148692810457516
39.0 27.0 16.0 0.2888966237382526 0.2637660981552383 0.2420466411416637
15.0 27.0 28.0 0.964878892733564 0.9036188004613612 0.8773068050749712
26.0 26.0 18.0 0.7859943977591035 0.8248366013071896 0.8530345471521942
27.0 26.0 18.0 0.7145098039215687 0.7474509803921568 0.769673202614379
42.0 27.0 16.0 0.2237207077953132 0.2042085126733619 0.1886657101865135
21.0 27.0 19.0 0.4816768086544963 0.4815866576515664 0.4791976560739239
32.0 27.0 19.0 0.3801833159299222 0.4078199327068106 0.4290520942104652
39.0 27.0 17.0 0.2868546235062071 0.2672931894651351 0.2503306648103027
20.0 27.0 19.0 0.9301533794033372 0.9422664194617676 0.9432102927130738
31.0 26.0 19.0 0.4522875816993463 0.486637618010167 0.5116920842411039
34.0 27.0 21.0 0.5195121951219511 0.549689143950263 0.5684481109516978
34.0 27.0 16.0 0.5274509803921568 0.5299719887955182 0.5327731092436975
34.0 27.0 22.0 0.6617508975421154 0.703893951946976 0.7273128969897819
26.0 27.0 18.0 0.438095238095238 0.4593837535014006 0.4683473389355742
27.0 27.0 18.0 0.5442556281771967 0.5711837327523601 0.5891938997821351
40.0 27.0 18.0 0.2751726042529687 0.2564070698702015 0.2491438829052747
41.0 27.0 18.0 0.2637816360024185 0.2434703611174199 0.2397456279809221
42.0 27.0 18.0 0.2607383578431372 0.2397212009803921 0.2325520833333333
39.0 27.0 18.0 0.2847494553376906 0.2680646332607116 0.2553921568627451
26.0 26.0 19.0 0.5994350282485876 0.6187437686939181 0.6285144566301097
35.0 27.0 17.0 0.3477067348678602 0.3069565217391304 0.2645524296675191
36.0 27.0 17.0 0.30412267471091 0.2827300150829562 0.2634238310708898
37.0 27.0 17.0 0.2938159879336349 0.2743937811811114 0.2595428704025989
38.0 27.0 17.0 0.2894535328924468 0.2698456897551919 0.2557141199675136
33.0 27.0 22.0 0.6610322289835475 0.6991661032228984 0.718616182105026
34.0 27.0 17.0 0.30412267471091 0.2827300150829562 0.2634238310708898
27.0 26.0 19.0 0.8416305469556244 0.8580392156862747 0.8653869969040249
38.0 27.0 18.0 0.287344028520499 0.2678698752228163 0.2573083778966131
21.0 27.0 20.0 0.95690756302521 0.9770980392156864 0.9761344537815124
37.0 27.0 18.0 0.2894535328924468 0.2698456897551919 0.2591251885369532
37.0 27.0 19.0 0.2879310344827585 0.2678698752228163 0.262576064908722
22.0 27.0 20.0 0.6107288198298187 0.6150943396226415 0.6153903070662228
36.0 27.0 19.0 0.3189542483660129 0.2922585330428466 0.2682643427741466
30.0 27.0 20.0 0.9379984409666008 0.9505666486778196 0.9552437488756972
31.0 27.0 20.0 0.7059610466260083 0.7597875270509542 0.7899927864122237
31.0 27.0 21.0 0.6823529411764706 0.7333333333333333 0.7647058823529411
30.0 26.0 20.0 0.833511586452763 0.8683303624480094 0.8849673202614378
32.0 26.0 21.0 0.5472195435551269 0.5696560591449694 0.5767920282867245
38.0 27.0 19.0 0.2847494553376906 0.2680646332607116 0.2606753812636165
30.0 27.0 21.0 0.7059610466260083 0.7597875270509542 0.7899927864122237
39.0 27.0 19.0 0.2753211629479377 0.2623587365980874 0.2567758137737853
40.0 27.0 19.0 0.3726373432255785 0.3931990814343755 0.412488959547783
28.0 27.0 20.0 0.9379984409666008 0.9505666486778196 0.9552437488756972
35.0 27.0 19.0 0.3569747899159664 0.3104761904761905 0.2683006535947712
35.0 27.0 18.0 0.3587373410902823 0.3171083818142641 0.2661926308985131
36.0 27.0 18.0 0.3043740573152337 0.2852941176470588 0.2683006535947712
29.0 27.0 20.0 0.996078431372549 1.0 0.996078431372549
27.0 27.0 15.0 0.6002450980392157 0.6282212885154062 0.6525910364145658
32.0 27.0 21.0 0.4459292412617221 0.459228473998295 0.461615515771526
27.0 27.0 16.0 0.8823529411764706 0.9254901960784314 0.9568627450980391
22.0 27.0 21.0 0.95690756302521 0.9770980392156864 0.9761344537815124
34.0 27.0 18.0 0.3477067348678602 0.3069565217391304 0.2683006535947712
32.0 27.0 16.0 0.5274509803921568 0.5299719887955182 0.5327731092436975
26.0 27.0 20.0 0.99921568627451 0.9976470588235294 0.996078431372549
27.0 27.0 20.0 0.984725078842726 0.9873166049636638 0.987590840532017
36.0 27.0 20.0 0.29243018419489 0.2926678550207962 0.3011527035056446
35.0 27.0 20.0 0.3189542483660129 0.2922585330428466 0.2789641943734015
39.0 28.0 15.0 0.1896378989552025 0.1398597395162444 0.0862601975096607
26.0 27.0 16.0 0.5911519607843138 0.6350980392156863 0.6631617647058824
37.0 28.0 15.0 0.2084967320261438 0.1538398692810457 0.1017973856209149
38.0 28.0 15.0 0.219704275152684 0.1610414657666344 0.1043072966891674
19.0 27.0 27.0 0.5252911316810989 0.5246939384891014 0.5141236189907435
22.0 27.0 22.0 0.8397514196935606 0.8501446480231436 0.8505946640951461
38.0 27.0 21.0 0.470479302832244 0.5026143790849672 0.5288671023965141
23.0 27.0 23.0 0.7774801009512716 0.788002329644729 0.7907202484954379
34.0 27.0 19.0 0.3587373410902823 0.3171083818142641 0.2682643427741466
33.0 27.0 17.0 0.5274509803921568 0.5299719887955182 0.5327731092436975
36.0 28.0 15.0 0.219704275152684 0.1610414657666344 0.1043072966891674
12.0 28.0 24.0 0.7361547333865675 0.715499955638364 0.70204950758584
32.0 27.0 22.0 0.6405379009841484 0.6694463225903386 0.683885508226279
36.0 28.0 16.0 0.2255754475703324 0.1683205456095481 0.1093094629156009
18.0 27.0 27.0 0.968030125957668 0.968432671081678 0.9598363848850798
26.0 27.0 21.0 0.6743019469271808 0.6627173837732974 0.6589343864754382
35.0 28.0 16.0 0.2497134238310708 0.1906334841628958 0.1388235294117646
22.0 27.0 23.0 0.8755057578586991 0.8878929349517585 0.8901027077497666
23.0 27.0 24.0 0.9976213436194152 0.9974284795885568 0.9936997749919644
12.0 28.0 25.0 0.9770739064856712 0.9423831070889896 0.9281447963800904
34.0 28.0 16.0 0.2503267973856209 0.2340595497458243 0.2228758169934639
13.0 28.0 25.0 0.9759191176470589 0.9485906862745098 0.929626225490196
25.0 27.0 24.0 0.9976213436194152 0.9974284795885568 0.9936997749919644
13.0 28.0 26.0 0.9770739064856712 0.9423831070889896 0.9281447963800904
24.0 27.0 24.0 0.979124925079202 0.9822587550303968 0.9769158318349176
24.0 27.0 25.0 0.9976213436194152 0.9974284795885568 0.9936997749919644
23.0 27.0 25.0 0.841296030607365 0.8482305117168818 0.8245098039215686
27.0 28.0 15.0 0.9954425013248543 0.995901784137078 0.9950373069581816
27.0 27.0 24.0 0.9812279009964642 0.98572806171649 0.9842333654773386
32.0 28.0 16.0 0.7852474323062558 0.8573295985060692 0.9013666072489604
35.0 28.0 21.0 0.6742857142857144 0.7091316526610646 0.7243137254901961
13.0 28.0 27.0 0.9938249926836408 0.9804360550190224 0.967910447761194
36.0 28.0 21.0 0.4827380047626285 0.5067132796270963 0.519754775295131
26.0 27.0 24.0 0.979124925079202 0.9822587550303968 0.9769158318349176
33.0 27.0 16.0 0.453512037726483 0.464259121370067 0.4740630429386945
33.0 28.0 16.0 0.4618063441592853 0.4842304489363312 0.5028541146188206
34.0 28.0 18.0 0.3588573360378634 0.3078431372549019 0.2577586206896551
19.0 28.0 16.0 0.795743254566784 0.7018937489525725 0.6722976370035192
20.0 28.0 16.0 0.8320234976581726 0.7390648567119158 0.738763197586727
17.0 28.0 28.0 0.9830861040068202 0.946973572037511 0.9080306905370846
16.0 28.0 28.0 0.9801196154137332 0.926822620940268 0.8998712998712999
18.0 28.0 16.0 0.8320234976581726 0.7390648567119158 0.738763197586727
20.0 28.0 17.0 0.795743254566784 0.7018937489525725 0.6722976370035192
19.0 28.0 17.0 0.8320234976581726 0.7390648567119158 0.738763197586727
15.0 28.0 28.0 0.9586267220642904 0.8725125738027555 0.8456884612581094
28.0 27.0 19.0 0.996078431372549 1.0 0.996078431372549
28.0 28.0 19.0 0.985579196217494 0.98906967042136 0.9890835766930888
27.0 28.0 14.0 0.9829201101928376 0.9855614973262032 0.983065953654189
28.0 28.0 14.0 0.9954425013248543 0.995901784137078 0.9942059706765588
30.0 28.0 20.0 0.9968627450980392 0.996078431372549 0.9966013071895424
31.0 28.0 20.0 0.7399380804953563 0.7942208462332303 0.8233230134158928
29.0 27.0 19.0 0.8315177923021059 0.8653594771241828 0.8795933188090052
29.0 28.0 19.0 0.8774735700731907 0.9137797054305592 0.932050239450619
29.0 28.0 20.0 0.985579196217494 0.98906967042136 0.9890835766930888
27.0 28.0 19.0 0.9958296751536436 0.9960491659350308 0.9961076968100676
29.0 28.0 14.0 0.9829201101928376 0.9855614973262032 0.983065953654189
27.0 27.0 19.0 0.99921568627451 0.9976470588235294 0.996078431372549
28.0 28.0 15.0 0.9829201101928376 0.9855614973262032 0.983065953654189
30.0 28.0 15.0 0.8302086131256156 0.9015847434864358 0.9465126689945386
31.0 28.0 15.0 0.7593629591574623 0.8331535234181011 0.8797499785940577
34.0 28.0 17.0 0.2497134238310708 0.1906334841628958 0.1388235294117646
30.0 28.0 14.0 0.7029059829059829 0.7346204122674711 0.7531422825540471
29.0 28.0 15.0 0.9918445254207878 0.995002602811036 0.9950373069581816
32.0 28.0 15.0 0.6897475330001281 0.7383826733307701 0.7704472638728694
26.0 27.0 19.0 0.9594331850387215 0.9707365299060804 0.973900148294612
22.0 28.0 21.0 0.9574831062368452 0.97115320704553 0.972150216018611
26.0 28.0 20.0 0.6392156862745098 0.639279974284796 0.6391513982642236
27.0 28.0 16.0 0.9144186046511628 0.9559872321021432 0.9730414956680348
31.0 28.0 16.0 0.8037938896488828 0.8798723210214319 0.9240674874601004
23.0 28.0 23.0 0.7470824474368061 0.7540278762107252 0.7477911646586345
34.0 28.0 22.0 0.6850335070737156 0.7091316526610646 0.7243137254901961
18.0 28.0 28.0 0.9801196154137332 0.926822620940268 0.8998712998712999
13.0 28.0 28.0 0.9440327312027172 0.8753435232360662 0.8414852555195307
21.0 28.0 19.0 0.3165181224004753 0.3163992869875223 0.3133095662507427
20.0 28.0 19.0 0.9362689708651822 0.9457959454968428 0.9457405561094496
19.0 28.0 27.0 0.4873112463376154 0.4804146946134776 0.4680414694613477
34.0 28.0 19.0 0.3611989289107713 0.3148459383753501 0.2754110339788089
35.0 28.0 19.0 0.3567887532371437 0.313873473917869 0.270440251572327
21.0 28.0 20.0 0.9574831062368452 0.97115320704553 0.972150216018611
18.0 28.0 27.0 0.8449642171408625 0.8432652586257054 0.8210391575027637
27.0 28.0 18.0 0.9777290020485808 0.983991805677495 0.9832894351770562
28.0 28.0 18.0 0.9958296751536436 0.9960491659350308 0.9961076968100676
22.0 28.0 20.0 0.4365569956796278 0.4372881355932203 0.4372881355932203
35.0 28.0 20.0 0.3528681037632444 0.3148459383753501 0.2754110339788089
30.0 28.0 19.0 0.985579196217494 0.98906967042136 0.9890835766930888
26.0 28.0 19.0 0.8542542542542544 0.8554790084201849 0.8551845963610669
31.0 28.0 19.0 0.8231464460784312 0.8650275735294118 0.8848651960784315
23.0 28.0 25.0 0.8601089324618736 0.8653376906318082 0.8474945533769064
27.0 28.0 24.0 0.9874170140497144 0.990443106376409 0.9891307704184036
31.0 28.0 14.0 0.625648323845667 0.6524035420619861 0.6675521821631878
26.0 28.0 24.0 0.9817914831130692 0.985315712187959 0.9800984711065044
25.0 28.0 24.0 0.9988795518207284 0.9984793917567026 0.9960784313725491
28.0 28.0 16.0 0.9918445254207878 0.995002602811036 0.9950373069581816
29.0 28.0 16.0 0.9144186046511628 0.9559872321021432 0.9730414956680348
22.0 28.0 22.0 0.8226445449974862 0.8301860231271996 0.8306485671191555
30.0 28.0 16.0 0.9386792452830188 0.966111727709952 0.9789863115057345
27.0 28.0 20.0 0.8542542542542544 0.8554790084201849 0.8551845963610669
29.0 28.0 17.0 0.9386792452830188 0.966111727709952 0.9789863115057345
34.0 28.0 21.0 0.4827380047626285 0.5067132796270963 0.519754775295131
30.0 28.0 17.0 0.8366974240676663 0.8920030757401001 0.9240674874601004
28.0 28.0 17.0 0.9777290020485808 0.983991805677495 0.9832894351770562
33.0 28.0 22.0 0.6646852425180599 0.6953973168214654 0.7027450980392156
32.0 28.0 17.0 0.7524221453287196 0.8209342560553633 0.8631103421760861
39.0 29.0 15.0 0.2274509803921568 0.1607843137254902 0.0901960784313725
32.0 28.0 22.0 0.6850335070737156 0.7019607843137254 0.6994787788533133
31.0 28.0 17.0 0.792136113704741 0.8590725178960472 0.9013666072489604
22.0 28.0 23.0 0.8564252147139849 0.86763895640901 0.8678010046994005
38.0 29.0 15.0 0.2081510290066439 0.1427159293469453 0.0883001134338032
23.0 28.0 24.0 0.9988795518207284 0.9984793917567026 0.9960784313725491
12.0 29.0 24.0 0.8225439919557567 0.7531422825540474 0.7158371040723981
37.0 29.0 15.0 0.2004171881518563 0.1366342220341373 0.0895285773884021
27.0 28.0 17.0 0.8808850914667543 0.9250520319859789 0.9464563479022896
19.0 29.0 16.0 0.6938634713144517 0.5736746550472039 0.5160130718954248
36.0 29.0 15.0 0.2081510290066439 0.1427159293469453 0.0883001134338032
29.0 28.0 18.0 0.940682011935209 0.9586871270247228 0.9662404092071613
30.0 28.0 18.0 0.8774735700731907 0.9137797054305592 0.932050239450619
20.0 29.0 16.0 0.8072478991596641 0.694765406162465 0.6909663865546218
36.0 29.0 16.0 0.2106417112299464 0.1478966131907308 0.0895285773884021
24.0 28.0 24.0 0.9817914831130692 0.985315712187959 0.9800984711065044
31.0 28.0 18.0 0.7742872284048755 0.8342342342342343 0.8695495495495495
32.0 28.0 18.0 0.7163558106169298 0.7670331684075499 0.8022906358805205
24.0 28.0 25.0 0.9988795518207284 0.9984793917567026 0.9960784313725491
12.0 29.0 25.0 0.9183574879227052 0.8257175333901677 0.7865018471156578
35.0 29.0 16.0 0.2426433168687322 0.1816045502170333 0.1266277503367758
18.0 29.0 16.0 0.8072478991596641 0.694765406162465 0.6909663865546218
18.0 29.0 17.0 0.915686274509804 0.7607843137254902 0.7401960784313726
20.0 29.0 17.0 0.915686274509804 0.7607843137254902 0.7401960784313726
27.0 29.0 14.0 0.953846153846154 0.931724484665661 0.9010893246187364
28.0 29.0 14.0 0.9947712418300654 0.9908496732026144 0.9741176470588236
28.0 29.0 15.0 0.953846153846154 0.931724484665661 0.9010893246187364
13.0 29.0 25.0 0.9469434832756632 0.8821552150271873 0.8376338770802441
29.0 29.0 14.0 0.953846153846154 0.931724484665661 0.9010893246187364
27.0 29.0 15.0 0.9947712418300654 0.9908496732026144 0.9741176470588236
19.0 29.0 17.0 0.8475867269984915 0.694765406162465 0.6909663865546218
30.0 29.0 14.0 0.9145030425963488 0.8838066260987154 0.8493238674780258
34.0 29.0 16.0 0.2975490196078431 0.272156862745098 0.2555882352941176
13.0 29.0 26.0 0.9183574879227052 0.8257175333901677 0.7865018471156578
29.0 29.0 15.0 0.9302301790281332 0.9177323103154306 0.8942540494458653
30.0 29.0 15.0 0.9206650402096322 0.9056654920032532 0.8827324478178369
33.0 29.0 16.0 0.3310227874933757 0.2999682034976152 0.2792156862745097
32.0 28.0 19.0 0.669678328847879 0.7168653082147892 0.7383570421632706
31.0 29.0 14.0 0.8076797385620914 0.7849673202614379 0.7524509803921569
31.0 29.0 15.0 0.8639271976733278 0.8403977859086219 0.8126653532226289
34.0 29.0 17.0 0.2426433168687322 0.1816045502170333 0.1266277503367758
32.0 29.0 15.0 0.7563049357674104 0.7471095334685599 0.7287187288708588
27.0 29.0 16.0 0.802018795683954 0.7103376261747302 0.6571179951270449
35.0 29.0 21.0 0.6459893048128342 0.6780748663101606 0.6798573975044564
13.0 29.0 27.0 0.9302544158159134 0.7911845730027547 0.7310646572678656
32.0 28.0 20.0 0.5238942088463292 0.5493616051071591 0.5572047423620612
36.0 29.0 21.0 0.4676197567634648 0.4864432861752295 0.4916058575328866
31.0 29.0 16.0 0.7563049357674104 0.7471095334685599 0.7287187288708588
32.0 29.0 16.0 0.6734912146676851 0.6788897377132671 0.6639164756811815
34.0 29.0 18.0 0.3623394185260311 0.3168187964841109 0.2863083164300202
27.0 29.0 17.0 0.7408388520971303 0.7398000259706532 0.7316712115309701
21.0 29.0 19.0 0.6246046805819102 0.6244781783681216 0.6222011385199241
20.0 29.0 19.0 0.933714596949891 0.9389542483660132 0.9388562091503267
13.0 29.0 28.0 0.8955237872041248 0.7577533005233966 0.6887118193891102
40.0 29.0 15.0 0.168213200773267 0.1145539906103286 0.0756144711405688
17.0 29.0 28.0 0.9265151515151516 0.853134284016637 0.827124183006536
18.0 29.0 28.0 0.9284525320919736 0.8432218930737763 0.8303286782338835
32.0 29.0 18.0 0.2104575163398692 0.2209150326797385 0.2218954248366013
21.0 29.0 20.0 0.9704630788485606 0.9788068418856904 0.979140592407176
34.0 29.0 19.0 0.3696209150326797 0.3330718954248365 0.3056470588235293
15.0 29.0 28.0 0.9265151515151516 0.853134284016637 0.827124183006536
27.0 29.0 18.0 0.6396793200038635 0.6383463730319715 0.635062300782382
16.0 29.0 28.0 0.9284525320919736 0.8432218930737763 0.8303286782338835
22.0 29.0 20.0 0.6547025589896978 0.6564971751412432 0.6558989697573946
35.0 29.0 19.0 0.3978458989229495 0.3810549571941453 0.3658657829328914
22.0 29.0 21.0 0.9704630788485606 0.9788068418856904 0.979140592407176
35.0 29.0 20.0 0.3696209150326797 0.3330718954248365 0.3056470588235293
27.0 29.0 19.0 0.4878488621726063 0.488306855588951 0.4874194933447832
28.0 29.0 16.0 0.9302301790281332 0.9177323103154306 0.8942540494458653
30.0 29.0 16.0 0.8639271976733278 0.8403977859086219 0.8126653532226289
29.0 29.0 16.0 0.9206650402096322 0.9056654920032532 0.8827324478178369
22.0 29.0 22.0 0.7906021580229726 0.7950574312565263 0.7948021812275206
23.0 29.0 23.0 0.7265151515151516 0.7321301247771835 0.7233957219251337
28.0 29.0 17.0 0.6396793200038635 0.6383463730319715 0.635062300782382
32.0 29.0 22.0 0.6453781512605042 0.65542823189882 0.6456158220864102
33.0 29.0 22.0 0.6664799253034547 0.6857991681521094 0.6854087089381207
29.0 29.0 17.0 0.5701170390636876 0.5715154278765769 0.569296245630035
30.0 29.0 17.0 0.6326797385620915 0.6405228758169935 0.6248366013071897
31.0 29.0 17.0 0.6734912146676851 0.6788897377132671 0.6639164756811815
22.0 29.0 23.0 0.7969563944980977 0.8047995317529998 0.7997658764998536
34.0 29.0 21.0 0.4676197567634648 0.4864432861752295 0.4916058575328866
23.0 29.0 24.0 0.9981900452488688 0.998340874811463 0.996078431372549
34.0 29.0 22.0 0.6459893048128342 0.6780748663101606 0.6798573975044564
12.0 30.0 24.0 0.6777816452024596 0.560018563638473 0.5112426035502958
25.0 29.0 24.0 0.9981900452488688 0.998340874811463 0.996078431372549
39.0 30.0 15.0 0.1899607843137254 0.1221960784313724 0.0434509803921568
40.0 30.0 15.0 0.1687172578955245 0.1080377189043556 0.037733872174824
38.0 30.0 15.0 0.198676051617228 0.1158538629126863 0.037733872174824
37.0 30.0 15.0 0.1899346405228758 0.1161091887735486 0.0388465974625143
24.0 29.0 24.0 0.9814795008912656 0.9845632798573976 0.9760962566844922
24.0 29.0 25.0 0.9981900452488688 0.998340874811463 0.996078431372549
23.0 29.0 25.0 0.8846914912754092 0.8885411045152005 0.8742219823709302
19.0 30.0 16.0 0.6743175701653209 0.5737793156478276 0.5204921184159939
12.0 30.0 25.0 0.8453878942881501 0.7033589087809035 0.6551065643648765
20.0 30.0 16.0 0.8914326090796679 0.7723017134781841 0.7647235470764885
19.0 29.0 27.0 0.9901960784313726 0.9686274509803922 0.9490196078431372
28.0 29.0 24.0 0.9849288735101888 0.9904805843906191 0.9889888504421376
36.0 30.0 16.0 0.2081815467303672 0.1281775654424205 0.0362091503267973
36.0 30.0 15.0 0.198676051617228 0.1158538629126863 0.0364169599463716
13.0 30.0 25.0 0.8430816298150465 0.6897510777360588 0.6366013071895426
27.0 30.0 15.0 0.8212976247409535 0.6224613422604814 0.5167224613422605
13.0 30.0 26.0 0.8453878942881501 0.7033589087809035 0.6551065643648765
35.0 30.0 16.0 0.2211437908496732 0.1341503267973856 0.0503267973856208
18.0 29.0 27.0 0.9132438940488478 0.8897718151588121 0.8649810801513589
18.0 30.0 16.0 0.8914326090796679 0.7723017134781841 0.7647235470764885
20.0 30.0 17.0 0.7339869281045751 0.5737793156478276 0.5204921184159939
34.0 30.0 16.0 0.3276292335115864 0.2988413547237076 0.2850267379679144
18.0 30.0 17.0 0.7339869281045751 0.5526143790849672 0.4898692810457516
19.0 30.0 17.0 0.8914326090796679 0.7723017134781841 0.7647235470764885
27.0 29.0 24.0 1.0 0.999719887955182 0.999859943977591
34.0 30.0 17.0 0.2211437908496732 0.1341503267973856 0.0503267973856208
32.0 30.0 16.0 0.3276292335115864 0.2988413547237076 0.2850267379679144
26.0 29.0 24.0 0.9849288735101888 0.9904805843906191 0.9889888504421376
13.0 30.0 27.0 0.9024509803921572 0.7864435429344151 0.7322177146720757
33.0 30.0 16.0 0.3987529111261362 0.3163248441138908 0.2741341747426939
21.0 30.0 19.0 0.5883017613825191 0.5887670322366234 0.5863742107012296
35.0 30.0 21.0 0.7007636738906088 0.7330443756449948 0.7559545923632609
20.0 30.0 19.0 0.915068330362448 0.9198217468805704 0.9196316102198456
34.0 30.0 18.0 0.3209211986681465 0.2350351461339252 0.1641694413614502
13.0 30.0 28.0 0.8829001367989057 0.7519987840097279 0.7074327405380756
36.0 30.0 21.0 0.4480016047339651 0.4613610149942329 0.4633869916252945
35.0 29.0 22.0 0.6664799253034547 0.6857991681521094 0.6854087089381207
21.0 30.0 20.0 0.9742475334082676 0.979492943674285 0.9801173972773822
17.0 30.0 28.0 0.9299638989169676 0.8350109718977843 0.8125272331154684
18.0 30.0 28.0 0.9240925435918314 0.8486328787570391 0.8281701607978831
15.0 30.0 28.0 0.9299638989169676 0.8350109718977843 0.8019253910950661
22.0 30.0 20.0 0.7654901960784315 0.7667226890756305 0.7673389355742299
16.0 30.0 28.0 0.9240925435918314 0.8486328787570391 0.8281701607978831
34.0 30.0 19.0 0.3005545652604475 0.2542879778173895 0.2222721149528513
28.0 30.0 24.0 0.9912397216951296 0.994418089816572 0.9938013915243517
35.0 30.0 19.0 0.2519492502883506 0.2203460207612455 0.1974625144175316
22.0 30.0 21.0 0.9742475334082676 0.979492943674285 0.9801173972773822
27.0 30.0 16.0 0.8212976247409535 0.6224613422604814 0.5167224613422605
35.0 30.0 20.0 0.2520880107768298 0.2340068851968268 0.2222721149528513
22.0 30.0 22.0 0.945673933909228 0.9505004799122448 0.949348690525161
23.0 30.0 23.0 0.6172448466566113 0.6224233283056813 0.6112116641528406
22.0 30.0 23.0 0.8202860091404983 0.8266843579537078 0.8204039510541059
19.0 31.0 16.0 0.950917946796553 0.9334832021980766 0.945622580242288
20.0 31.0 16.0 0.9591337430494588 0.9208662569505416 0.9134328358208956
27.0 30.0 24.0 0.996078431372549 0.997737556561086 0.9969834087481146
23.0 30.0 24.0 0.9951131221719458 0.995475113122172 0.9940874811463049
26.0 30.0 24.0 0.9912397216951296 0.994418089816572 0.9938013915243517
12.0 31.0 24.0 0.8034232477521396 0.6079298017549561 0.5199436680749648
34.0 30.0 22.0 0.7034251675353685 0.7330443756449948 0.7559545923632609
18.0 31.0 16.0 0.9591337430494588 0.92250233426704 0.96557734204793
37.0 31.0 15.0 0.195856455789863 0.1223825379208286 0.0411394746577875
38.0 31.0 15.0 0.1977976697925546 0.1246092639954532 0.0428382496693691
25.0 30.0 24.0 0.9951131221719458 0.995475113122172 0.9940874811463049
33.0 30.0 22.0 0.7625396825396825 0.7884531590413945 0.8174291938997822
18.0 31.0 17.0 0.9108359133126934 0.8439628482972136 0.8287925696594428
20.0 31.0 17.0 0.7715983363042187 0.7012477718360071 0.6768865121806298
27.0 31.0 15.0 0.6906460945033752 0.5454837672774029 0.4676952748312438
24.0 30.0 25.0 0.9951131221719458 0.996078431372549 0.9940874811463049
19.0 31.0 17.0 0.9591337430494588 0.9208662569505416 0.9134328358208956
23.0 30.0 25.0 0.8970588235294117 0.900700280112045 0.8872148859543817
36.0 31.0 15.0 0.1977976697925546 0.1246092639954532 0.0404092071611252
36.0 31.0 16.0 0.2009883628248047 0.1246453052765821 0.0411394746577875
12.0 31.0 25.0 0.8034232477521396 0.6110294117647059 0.5505514705882353
39.0 31.0 15.0 0.1913312693498452 0.1226006191950463 0.0476190476190475
40.0 31.0 15.0 0.1820711862457592 0.1158530274279799 0.0428382496693691
27.0 31.0 16.0 0.6906460945033752 0.5454837672774029 0.4676952748312438
13.0 31.0 26.0 0.7594975490196079 0.6110294117647059 0.5505514705882353
24.0 30.0 24.0 0.9839932860303656 0.9859159227893493 0.9788204776073854
29.0 30.0 23.0 0.8781960784313728 0.8781960784313728 0.8847862036380817
30.0 30.0 23.0 0.9352941176470588 0.9604575163398692 0.9725490196078432
35.0 31.0 16.0 0.2104468016714882 0.126840244294439 0.0431211828993892
19.0 30.0 27.0 0.986425339366516 0.976470588235294 0.9592760180995475
32.0 30.0 22.0 0.871870286576169 0.8932880844645551 0.902526395173454
20.0 30.0 27.0 0.9074440395627278 0.8631152756087687 0.8397478165307423
20.0 29.0 27.0 0.9132438940488478 0.8897718151588121 0.8649810801513589
13.0 31.0 25.0 0.9176470588235294 0.7098039215686275 0.6588235294117647
18.0 30.0 27.0 0.9074440395627278 0.8631152756087687 0.8397478165307423
21.0 31.0 19.0 0.9263305322128852 0.9166822284469344 0.9072517896047309
31.0 30.0 22.0 0.9352941176470588 0.9604575163398692 0.9725490196078432
13.0 31.0 27.0 0.809342115224468 0.6794912559618441 0.6270875917934742
20.0 31.0 19.0 0.9925770308123252 0.976190476190476 0.961204481792717
31.0 30.0 23.0 0.871870286576169 0.8932880844645551 0.902526395173454
32.0 31.0 16.0 0.1607843137254902 0.1490196078431372 0.1464052287581699
34.0 31.0 16.0 0.2009883628248047 0.1490196078431372 0.1464052287581699
28.0 30.0 23.0 0.996078431372549 0.997737556561086 0.9969834087481146
33.0 31.0 16.0 0.4774585803313573 0.3613619091047271 0.2979784161726706
34.0 31.0 17.0 0.4666666666666667 0.3803921568627451 0.3372549019607843
32.0 31.0 17.0 0.4774585803313573 0.3803921568627451 0.3372549019607843
30.0 30.0 22.0 0.871870286576169 0.8932880844645551 0.902526395173454
33.0 31.0 17.0 0.5640888523241464 0.4777046482928836 0.4354175236528178
21.0 31.0 20.0 0.994613477574938 0.9858462925400048 0.9772594095109308
13.0 31.0 28.0 0.9531492597038816 0.9177591036414566 0.9018487394957984
22.0 31.0 20.0 0.7849222447599731 0.788235294117647 0.7866801893171061
27.0 30.0 23.0 0.8781960784313728 0.8781960784313728 0.8781960784313728
18.0 31.0 28.0 0.904660414890594 0.8423415743108837 0.8282892867291843
17.0 31.0 28.0 0.8861805800164374 0.825877656451802 0.8118821181167076
25.0 30.0 25.0 0.9839932860303656 0.9859159227893493 0.9788204776073854
34.0 31.0 18.0 0.2610451906084322 0.1741647732054194 0.0939830009256921
16.0 31.0 28.0 0.904660414890594 0.8423415743108837 0.8282892867291843
15.0 31.0 28.0 0.8844106463878327 0.8200402594497875 0.7976440766420638
22.0 31.0 21.0 0.9703703703703704 0.9789311803152632 0.9715494040753556
39.0 31.0 14.0 0.1770308123249299 0.1176470588235294 0.0476190476190475
34.0 30.0 21.0 0.7514161220043573 0.7884531590413945 0.8174291938997822
22.0 31.0 22.0 0.8568416613957411 0.8587602783048705 0.8510225595614591
33.0 30.0 21.0 0.7007636738906088 0.7330443756449948 0.7559545923632609
30.0 31.0 23.0 0.9891231964483908 0.9928227894931558 0.9929707732149464
33.0 31.0 22.0 0.8369431164692024 0.861456384674011 0.8872860805099425
34.0 31.0 19.0 0.217100904288656 0.1538365117736592 0.0906079326707851
32.0 31.0 22.0 0.9651265870332808 0.9799564270152504 0.9890316279768612
29.0 31.0 23.0 0.9849197860962569 0.9911051693404636 0.9925133689839571
23.0 31.0 23.0 0.5206599713055954 0.526781444285031 0.5166427546628408
28.0 31.0 23.0 0.9966160657811513 0.9965211891208096 0.9969955724225176
35.0 31.0 19.0 0.1918648310387984 0.1519816437213183 0.116854401335002
31.0 31.0 22.0 0.9891231964483908 0.9928227894931558 0.9929707732149464
30.0 31.0 22.0 0.9651265870332808 0.9799564270152504 0.9890316279768612
22.0 31.0 23.0 0.7939646780698095 0.7877624808788763 0.7741343345848978
19.0 32.0 13.0 0.9763197586726996 0.8209150326797386 0.9130718954248366
35.0 31.0 20.0 0.1062852538275584 0.0875637926403438 0.0730325006715014
18.0 32.0 13.0 0.7995569776027565 0.6079908113873165 0.4805972598244319
27.0 31.0 23.0 0.9562264150943396 0.9561524232334444 0.9557380688124306
18.0 31.0 13.0 0.8627450980392157 0.8235294117647058 0.8705882352941177
19.0 32.0 14.0 0.9774692485689928 0.8437908496732027 0.9028322440087148
18.0 31.0 14.0 0.8755417956656348 0.8739594083247335 0.949501203990368
18.0 32.0 14.0 0.8215686274509802 0.8209150326797386 0.9130718954248366
23.0 31.0 24.0 0.9970548862115126 0.997165131112686 0.9966769036932044
25.0 31.0 24.0 0.998492950899368 0.9984767460703288 0.9982984929508996
27.0 31.0 24.0 0.998492950899368 0.9984767460703288 0.9982984929508996
15.0 32.0 20.0 0.9731729055258468 0.6736928104575163 0.5552287581699346
35.0 31.0 21.0 0.6812263814616756 0.6997219251336899 0.7237076648841355
19.0 31.0 14.0 0.8860009119927041 0.8722298221614225 0.9338805289557685
26.0 31.0 24.0 0.99840232389252 0.99840232389252 0.9981844589687728
24.0 31.0 24.0 0.9983115468409586 0.99840232389252 0.9973674655047204
12.0 32.0 24.0 0.9589808115759672 0.6858131487889273 0.5643913180245359
13.0 32.0 23.0 0.960806595365419 0.6805704099821748 0.5950311942959001
20.0 31.0 20.0 0.9913165266106444 0.9565826330532214 0.9378151260504204
14.0 32.0 20.0 0.9587588881706528 0.653673777203189 0.5371687136393019
13.0 32.0 24.0 0.985775612019956 0.6921916695672353 0.5911126580809838
12.0 32.0 23.0 0.9227493147796751 0.6485768500948766 0.5408602150537634
19.0 31.0 15.0 0.947525676937442 0.92250233426704 0.96557734204793
23.0 31.0 25.0 0.9908496732026144 0.996078431372549 0.9967320261437908
18.0 31.0 15.0 0.950917946796553 0.9334832021980766 0.945622580242288
14.0 32.0 21.0 0.93807396376272 0.6586994291387441 0.5659220650285431
15.0 32.0 21.0 0.9587588881706528 0.690766073871409 0.5990652074783401
24.0 31.0 25.0 0.9970548862115126 0.997165131112686 0.9966769036932044
37.0 32.0 15.0 0.4069181160836427 0.2613901374503289 0.1487590384991205
38.0 32.0 15.0 0.3996453900709219 0.2663954943679599 0.1522319566124322
20.0 31.0 21.0 0.994613477574938 0.9858462925400048 0.9772594095109308
12.0 32.0 25.0 0.9457276488577084 0.6684655513581578 0.5668465551358157
13.0 32.0 25.0 0.9636240703177824 0.7315753887762003 0.6171737660581476
39.0 32.0 15.0 0.3636668342550695 0.2452488687782805 0.1383274677392324
19.0 31.0 27.0 0.9541176470588234 0.9216993464052288 0.912156862745098
18.0 32.0 15.0 0.9676470588235292 0.8437908496732027 0.9028322440087148
19.0 32.0 15.0 0.9420908259676928 0.7740112994350283 0.7462279827185111
20.0 31.0 27.0 0.8965907083554144 0.85359477124183 0.8314196549490668
40.0 32.0 15.0 0.3058823529411765 0.2 0.0941176470588235
34.0 31.0 21.0 0.7185860259596798 0.7443247721623861 0.7695111847555921
14.0 32.0 22.0 0.9151426907396624 0.6464569986410407 0.570794633642931
15.0 32.0 22.0 0.9825098039215686 0.7014509803921567 0.6361265260821309
36.0 32.0 16.0 0.3863480392156863 0.2535294117647059 0.143063725490196
37.0 32.0 16.0 0.3083109385886334 0.1972529113168109 0.1040310540459838
37.0 31.0 16.0 0.1994370954123275 0.1246092639954532 0.0404092071611252
33.0 31.0 21.0 0.6812263814616756 0.6997219251336899 0.7237076648841355
18.0 31.0 27.0 0.8965907083554144 0.85359477124183 0.8314196549490668
35.0 32.0 16.0 0.3952893352462935 0.2492587278813964 0.1354375896700143
15.0 32.0 24.0 0.985775612019956 0.6921916695672353 0.6527945757742348
13.0 32.0 22.0 0.94661487236404 0.6935812060673324 0.6361265260821309
27.0 32.0 16.0 0.9184263448969332 0.630718954248366 0.4377073906485671
17.0 32.0 19.0 0.9739768728004022 0.7163776493256263 0.6044882692961577
18.0 32.0 16.0 0.9010457516339868 0.7740112994350283 0.7462279827185111
19.0 32.0 16.0 0.9108030473335832 0.8251529911327588 0.765230423379543
14.0 32.0 23.0 0.94661487236404 0.6935812060673324 0.6527945757742348
15.0 32.0 23.0 0.9609625668449198 0.6805704099821748 0.5950311942959001
13.0 32.0 26.0 0.9648732663797228 0.686776661884266 0.5899808703969391
20.0 31.0 22.0 0.8082099026661024 0.8030187614614192 0.7944985188319933
16.0 32.0 19.0 0.970853889943074 0.6920936116382037 0.5750537634408601
27.0 32.0 17.0 0.9097496438021576 0.6699911798629488 0.5115408100956645
15.0 32.0 19.0 0.9739768728004022 0.6739869281045752 0.5568627450980391
15.0 32.0 25.0 0.9689234184239734 0.7418054014058453 0.6838697743248243
20.0 32.0 18.0 0.9905882352941175 0.9301960784313724 0.8603921568627451
20.0 31.0 18.0 0.9429110105580694 0.9268853695324284 0.9143665158371042
16.0 32.0 20.0 0.98213058419244 0.7122296341216898 0.6075601374570445
17.0 32.0 20.0 0.9731729055258468 0.6920936116382037 0.5750537634408601
26.0 32.0 17.0 0.9792717086834736 0.66710615280595 0.5659792652693261
14.0 32.0 25.0 0.985775612019956 0.7493930905695613 0.6948646125116712
27.0 31.0 17.0 0.7490742638518822 0.6113137938102071 0.5383616861378697
20.0 32.0 16.0 0.9837354296557332 0.6747266648594923 0.4993765248034698
16.0 32.0 21.0 0.9731729055258468 0.7222222222222222 0.6620915032679738
34.0 32.0 16.0 0.4688478941872607 0.2855087597169045 0.1581157906949761
14.0 31.0 25.0 0.7594975490196079 0.6110294117647059 0.5505514705882353
20.0 32.0 19.0 0.9446723426212592 0.8011222910216719 0.7225853304284677
14.0 32.0 26.0 0.9601970256701716 0.7019418395377475 0.6143790849673203
20.0 32.0 12.0 0.7757054041128646 0.5724533715925395 0.3894094164611952
19.0 31.0 18.0 0.927034120734908 0.9105141269106072 0.8935927126756215
21.0 32.0 19.0 0.8163537755527744 0.595041694838855 0.4708978328173375
14.0 31.0 26.0 0.9176470588235294 0.7098039215686275 0.6588235294117647
21.0 32.0 12.0 0.8192651818008757 0.6304587854559298 0.4991052731772319
16.0 32.0 23.0 0.9825098039215686 0.7014509803921567 0.6527945757742348
23.0 32.0 12.0 0.924087358520644 0.6924597481268933 0.4991052731772319
19.0 32.0 12.0 0.8119121332743624 0.6123839009287925 0.4215833701901813
32.0 32.0 17.0 0.8702169625246549 0.5604130409560274 0.359740109061376
34.0 32.0 17.0 0.4704025989093862 0.2990602158022972 0.1742197470704257
22.0 32.0 12.0 0.965452847805789 0.7502147525676937 0.5472268907563025
24.0 32.0 12.0 0.965452847805789 0.7502147525676937 0.5472268907563025
25.0 32.0 12.0 0.924087358520644 0.6924597481268933 0.4896892090169401
16.0 32.0 22.0 0.9512995896032832 0.690766073871409 0.5990652074783401
34.0 32.0 11.0 0.4512820512820513 0.3025641025641025 0.2
14.0 32.0 24.0 0.9689234184239734 0.7418054014058453 0.6838697743248243
35.0 32.0 21.0 0.4785258681785967 0.4197338373100243 0.3952279707063548
26.0 32.0 12.0 0.9334640522875818 0.6925490196078431 0.4897058823529411
27.0 32.0 12.0 0.8908363345338136 0.6757369614512472 0.4896892090169401
20.0 32.0 17.0 0.8815871910894536 0.6353173221951502 0.4933518969718065
35.0 32.0 12.0 0.4223816355810615 0.2697382401236356 0.163235294117647
28.0 32.0 12.0 0.7860899653979239 0.5587543252595156 0.4097347174163783
30.0 32.0 12.0 0.615753309870957 0.4727668845315904 0.383174124350595
18.0 32.0 17.0 0.9364743955834762 0.8251529911327588 0.765230423379543
26.0 32.0 18.0 0.9754198330049724 0.6866873065015479 0.5599039615846338
27.0 32.0 18.0 0.96273349576517 0.7277059702804888 0.5994548492042557
17.0 32.0 21.0 0.98213058419244 0.7755713750468339 0.7223679280629449
32.0 32.0 12.0 0.4678431372549019 0.3123529411764705 0.2111764705882352
33.0 32.0 11.0 0.4185641998734978 0.2655913978494623 0.170145477545857
33.0 32.0 12.0 0.4512820512820513 0.3025641025641025 0.2
32.0 32.0 18.0 0.604361370716511 0.4149901380670611 0.3034226708434852
29.0 32.0 12.0 0.6618209067066317 0.4994629699013362 0.3992006993880354
19.0 31.0 19.0 0.9429110105580694 0.9268853695324284 0.9143665158371042
36.0 32.0 12.0 0.4200039611804317 0.270786294315706 0.1598732422261833
32.0 31.0 18.0 0.5640888523241464 0.4777046482928836 0.4354175236528178
31.0 32.0 12.0 0.4886904761904762 0.3555672268907563 0.2734943977591036
20.0 32.0 13.0 0.9512665606783256 0.6622575516693164 0.4823953365129836
17.0 32.0 15.0 0.8457959454968428 0.7740112994350283 0.7462279827185111
34.0 32.0 12.0 0.4351457339692633 0.2799576046634869 0.1743084260731319
35.0 32.0 11.0 0.4185641998734978 0.2655913978494623 0.170145477545857
21.0 32.0 13.0 0.9763197586726996 0.7057315233785822 0.5159627953745601
22.0 32.0 13.0 0.9512665606783256 0.6622575516693164 0.4991052731772319
23.0 32.0 13.0 0.965452847805789 0.7502147525676937 0.5472268907563025
38.0 32.0 13.0 0.4019003195992054 0.2541418329446315 0.1423166623477584
17.0 32.0 16.0 0.9676470588235292 0.8251529911327588 0.765230423379543
24.0 32.0 13.0 0.970621752974694 0.6924597481268933 0.4755878446996328
25.0 32.0 13.0 0.9641398827572268 0.6925490196078431 0.5048109965635739
13.0 32.0 27.0 0.9277310924369748 0.700840336134454 0.6219887955182074
26.0 32.0 13.0 0.970621752974694 0.6757369614512472 0.4896892090169401
27.0 32.0 13.0 0.9641398827572268 0.6795633717404488 0.5048109965635739
28.0 32.0 13.0 0.9274838426990908 0.6046664475846204 0.4205060795267827
38.0 32.0 14.0 0.4069181160836427 0.2613901374503289 0.1487590384991205
29.0 32.0 13.0 0.8612832115094559 0.5936883629191321 0.4411648683141896
35.0 32.0 20.0 0.4428206065034709 0.3465107782243332 0.2909755206430398
36.0 32.0 13.0 0.4223816355810615 0.2634624581539932 0.1465811965811965
37.0 32.0 13.0 0.4152109328579916 0.259160229748465 0.1430184194890076
31.0 32.0 13.0 0.5536912032572591 0.3674274081217186 0.2547733847637415
32.0 32.0 13.0 0.4707587382779198 0.2939471440750212 0.1770247229326513
30.0 32.0 13.0 0.6999675008124798 0.4990358574368975 0.3804571552377857
21.0 32.0 20.0 0.9932773109243698 0.9932773109243698 0.984873949579832
22.0 32.0 20.0 0.8362967914438503 0.6444834650278023 0.5470295580918935
34.0 32.0 18.0 0.4811764705882353 0.3555498721227622 0.2781074168797953
39.0 32.0 14.0 0.3996453900709219 0.2663954943679599 0.1522319566124322
33.0 32.0 13.0 0.4486274509803922 0.2858823529411763 0.1743084260731319
35.0 32.0 13.0 0.4256427015250544 0.270786294315706 0.1598732422261833
14.0 32.0 27.0 0.9648732663797228 0.7644018847849217 0.7010183918528652
26.0 32.0 19.0 0.9831322272498744 0.7277059702804888 0.5994548492042557
27.0 32.0 19.0 0.9796496113238194 0.7268263057435363 0.639614783966684
32.0 32.0 19.0 0.5264661520716883 0.4073995208943305 0.3469103568320278
20.0 32.0 14.0 0.9812275205940364 0.7057315233785822 0.5159627953745601
22.0 32.0 21.0 0.8479133287556267 0.6554970626382848 0.5253223468375678
17.0 32.0 17.0 0.9646084520764828 0.7542321276336622 0.6502009499451955
40.0 32.0 14.0 0.3636668342550695 0.2452488687782805 0.1383274677392324
30.0 32.0 14.0 0.9312913331012878 0.6129249332869243 0.4060331825037707
31.0 32.0 14.0 0.7741255296088284 0.4909843334318651 0.3116563208197851
23.0 32.0 14.0 0.982944657152802 0.7078315349808564 0.510059171597633
24.0 32.0 14.0 0.923409012727898 0.6437564499484003 0.4502323472741699
25.0 32.0 14.0 0.970621752974694 0.657152801949182 0.4943496925397378
21.0 32.0 14.0 0.982944657152802 0.7078315349808564 0.510059171597633
22.0 32.0 14.0 0.9812275205940364 0.7018911706694513 0.5091822094691535
13.0 32.0 28.0 0.9246998024015808 0.7644018847849217 0.7010183918528652
34.0 32.0 13.0 0.4349531116794544 0.2765179501752391 0.1672823718859524
35.0 32.0 18.0 0.2991886409736308 0.1875726842461122 0.104814063556457
18.0 32.0 22.0 0.9710695187165777 0.9109982174688056 0.8551693404634582
20.0 32.0 15.0 0.9829149494192584 0.7071976616733651 0.5082450371452928
19.0 32.0 18.0 0.9382953181272508 0.7145258103241298 0.6300920368147259
26.0 32.0 14.0 0.9641398827572268 0.6795633717404488 0.5048109965635739
27.0 32.0 14.0 0.9524074718644856 0.657152801949182 0.4943496925397378
28.0 32.0 14.0 0.9335653788142476 0.627567003132614 0.4411648683141896
29.0 32.0 14.0 0.9524074718644856 0.6416521638241096 0.4462930734423947
17.0 32.0 22.0 0.9825098039215686 0.8288207148888265 0.7682146542827658
16.0 32.0 17.0 0.9364743955834762 0.7196649533599846 0.6313915857605178
19.0 32.0 19.0 0.9905882352941175 0.9301960784313724 0.8603921568627451
37.0 32.0 14.0 0.4019003195992054 0.2663954943679599 0.1522319566124322
32.0 32.0 14.0 0.5881605975723622 0.36593837535014 0.2240522875816993
30.0 32.0 15.0 0.9362242332830568 0.6130718954248365 0.4042986425339366
33.0 32.0 14.0 0.4751046486010134 0.2898435778805904 0.16827495042961
26.0 32.0 21.0 0.9245865302642796 0.7239556692242114 0.6493851777999335
31.0 32.0 15.0 0.9085151431464606 0.5687195065819753 0.3646138267513578
32.0 32.0 15.0 0.8390328151986183 0.516265366250127 0.3019811033221579
33.0 32.0 15.0 0.574733893557423 0.339813258636788 0.1863305322128851
34.0 32.0 19.0 0.5001589825119237 0.3759709289121053 0.2967522143992732
21.0 32.0 16.0 0.9829149494192584 0.678831022855002 0.494941925814912
26.0 32.0 20.0 0.9694165471066476 0.7268263057435363 0.639614783966684
17.0 32.0 28.0 0.9842691622103388 0.8594028520499108 0.8258689839572194
17.0 32.0 18.0 0.966551326412918 0.7196649533599846 0.6313915857605178
18.0 32.0 18.0 0.9905882352941175 0.9301960784313724 0.8603921568627451
31.0 32.0 19.0 0.8428263988522238 0.6015542802486848 0.4064562410329985
35.0 32.0 19.0 0.4259148820818649 0.2944429384657088 0.2008493720068672
36.0 32.0 14.0 0.4152109328579916 0.2613901374503289 0.1487590384991205
23.0 32.0 23.0 0.7872607030978073 0.5927137718992922 0.4978767838496345
16.0 32.0 18.0 0.9715969624844156 0.7163776493256263 0.6044882692961577
22.0 32.0 22.0 0.7842441118459219 0.5904490828589499 0.4794433902593295
16.0 32.0 26.0 0.98898333900034 0.8770032868638786 0.84576674600476
15.0 32.0 28.0 0.9355707927342716 0.7936244436424875 0.7689402141224586
32.0 32.0 20.0 0.6517055123936366 0.5802293747687755 0.5339548649648539
35.0 32.0 14.0 0.4184012066365007 0.2632478632478632 0.1465811965811965
31.0 32.0 20.0 0.8764513648596695 0.7238946559015764 0.6094002306805075
17.0 32.0 23.0 0.9878872258962756 0.8905441466527443 0.8424643230073094
18.0 32.0 23.0 0.9746843239913764 0.918776306334052 0.878616158505287
34.0 32.0 14.0 0.4256427015250544 0.2706971677559912 0.1560348583877995
21.0 32.0 15.0 0.9812275205940364 0.7018911706694513 0.5036701860231272
22.0 32.0 15.0 0.982944657152802 0.7078315349808564 0.510059171597633
23.0 32.0 15.0 0.9723730517848164 0.6759175465057817 0.5036701860231272
24.0 32.0 15.0 0.9548014077425842 0.6434640522875816 0.4524886877828055
25.0 32.0 15.0 0.9144042232277524 0.6197586726998492 0.4322021116138763
30.0 32.0 16.0 0.9552384267316394 0.6310940944425107 0.4042232277526395
19.0 31.0 20.0 0.994613477574938 0.9858462925400048 0.9772594095109308
19.0 32.0 20.0 0.9932773109243698 0.9932773109243698 0.984873949579832
22.0 32.0 16.0 0.9837354296557332 0.6759175465057817 0.5036701860231272
30.0 32.0 23.0 0.9859054209919262 0.8940484429065745 0.8128258362168397
17.0 32.0 24.0 0.980925861468848 0.8964845109641489 0.8579185520361992
15.0 32.0 27.0 0.9277310924369748 0.7586004461664906 0.7373957966420099
26.0 32.0 15.0 0.9444019027729436 0.657152801949182 0.4943496925397378
27.0 32.0 15.0 0.9792357968828556 0.6672699849170437 0.4501005530417295
28.0 32.0 15.0 0.9524074718644856 0.6416521638241096 0.4462930734423947
34.0 32.0 15.0 0.4309506080913376 0.2549267808389178 0.1354375896700143
35.0 32.0 15.0 0.4085844093735054 0.2535294117647059 0.143063725490196
29.0 32.0 15.0 0.9792357968828556 0.6672699849170437 0.4501005530417295
31.0 32.0 16.0 0.9555555555555556 0.6285991874227169 0.3942942942942943
32.0 32.0 16.0 0.9459101983988862 0.5958231813435433 0.3611323819468616
33.0 32.0 16.0 0.870054530688015 0.5277874463394825 0.2861816916115558
17.0 32.0 25.0 0.9885870043084498 0.909082915677482 0.86831970456344
23.0 32.0 17.0 0.9671949144954786 0.6465619732055717 0.4624434389140272
29.0 32.0 23.0 0.9922628510863806 0.9769475357710652 0.9615792262851086
36.0 32.0 15.0 0.3952893352462935 0.2492587278813964 0.1354375896700143
31.0 32.0 21.0 0.9204110559886604 0.7668320340184266 0.6749586581620599
16.0 32.0 27.0 0.9842691622103388 0.8594028520499108 0.8258689839572194
17.0 32.0 27.0 0.98898333900034 0.8770032868638786 0.84576674600476
18.0 32.0 20.0 0.98213058419244 0.904248366013072 0.8446350762527233
38.0 32.0 16.0 0.2338111715274345 0.1453122425440764 0.0714780029658922
18.0 32.0 25.0 0.9866515837104074 0.911457800511509 0.8703495311167946
15.0 32.0 18.0 0.966551326412918 0.6906805074971166 0.566712802768166
21.0 32.0 17.0 0.9837354296557332 0.6747266648594923 0.4993765248034698
22.0 32.0 17.0 0.9762254901960784 0.675891265597148 0.4933518969718065
24.0 32.0 17.0 0.9792717086834736 0.662044817927171 0.4587710084033614
25.0 32.0 17.0 0.975666163901458 0.6780040221216692 0.5115408100956645
23.0 32.0 24.0 0.8372549019607844 0.7174655047204065 0.6629629629629629
18.0 32.0 28.0 0.98255651987571 0.873909782492232 0.8426443801564341
18.0 32.0 19.0 0.970853889943074 0.7965141612200436 0.7225853304284677
33.0 32.0 22.0 0.5851258846733961 0.5651235642185868 0.5715512240399119
20.0 32.0 23.0 0.9808691043985164 0.918776306334052 0.878616158505287
22.0 32.0 23.0 0.8042147700201577 0.666483415796225 0.5618105185999633
25.0 32.0 24.0 0.9018322082931534 0.8461587913854065 0.8181935069109612
28.0 32.0 23.0 0.8750236646382692 0.8275321162947938 0.806977687626775
30.0 32.0 17.0 0.9555555555555556 0.6285991874227169 0.3942942942942943
19.0 32.0 21.0 0.9901027077497666 0.9940242763772176 0.9796451914098973
24.0 32.0 24.0 0.8717721050684422 0.7760759649771857 0.7307436182019977
32.0 32.0 21.0 0.6566219470244239 0.6002407980736154 0.5756621947024424
16.0 32.0 25.0 0.9866515837104074 0.8712820512820513 0.8302413273001509
16.0 32.0 28.0 0.9532976827094476 0.8336898395721923 0.8114081996434938
23.0 32.0 16.0 0.9762254901960784 0.675891265597148 0.4891042780748663
24.0 32.0 16.0 0.975666163901458 0.6780040221216692 0.4734539969834087
25.0 32.0 16.0 0.9685346327880264 0.6583826429980277 0.4566887109873536
27.0 32.0 23.0 0.871078431372549 0.7848715348208247 0.7509127789046652
32.0 32.0 22.0 0.773845538215286 0.7379431772709082 0.7288515406162465
34.0 32.0 21.0 0.4806033182503771 0.3878934137757668 0.3479537456008044
20.0 32.0 20.0 0.9707788671023968 0.904248366013072 0.8446350762527233
21.0 32.0 18.0 0.8815871910894536 0.6353173221951502 0.4933518969718065
28.0 32.0 17.0 0.8142889339643904 0.66710615280595 0.5659792652693261
35.0 32.0 17.0 0.2570863433092535 0.1568111455108359 0.0780529755761953
23.0 32.0 18.0 0.9835930047694756 0.6857233704292529 0.469655537890832
24.0 32.0 18.0 0.9754198330049724 0.6866873065015479 0.4740407167651749
25.0 32.0 18.0 0.9835930047694756 0.7277059702804888 0.5994548492042557
18.0 32.0 24.0 0.9878872258962756 0.9139668174962294 0.8817697335344395
23.0 32.0 25.0 0.9823529411764708 0.984313725490196 0.984313725490196
24.0 32.0 25.0 0.8372549019607844 0.7174655047204065 0.6629629629629629
33.0 32.0 18.0 0.4704025989093862 0.3869246915476373 0.3469103568320278
29.0 32.0 17.0 0.9552384267316394 0.6310940944425107 0.4042232277526395
26.0 32.0 16.0 0.975666163901458 0.6780040221216692 0.4734539969834087
28.0 32.0 16.0 0.9792357968828556 0.6672699849170437 0.4501005530417295
31.0 32.0 22.0 0.9859054209919262 0.8940484429065745 0.8128258362168397
26.0 32.0 24.0 0.9506707946336428 0.9306501547987616 0.9194014447884415
29.0 32.0 16.0 0.9555555555555556 0.6285991874227169 0.4042986425339366
18.0 32.0 21.0 0.9811995386389848 0.9000659087164278 0.8219146482122262
17.0 32.0 26.0 0.9866833541927408 0.8951022110972049 0.8537505214851898
18.0 32.0 26.0 0.98898333900034 0.9103641456582636 0.8769747899159666
33.0 32.0 21.0 0.4907239819004523 0.4197338373100243 0.3952279707063548
28.0 32.0 18.0 0.8533653461384556 0.6831692677070829 0.5599039615846338
27.0 32.0 24.0 0.9018322082931534 0.8461587913854065 0.8181935069109612
20.0 32.0 21.0 0.9932773109243698 0.9932773109243698 0.984873949579832
31.0 32.0 17.0 0.9459101983988862 0.5958231813435433 0.3820698332809059
33.0 32.0 17.0 0.604361370716511 0.4076782114715044 0.2717976910390324
30.0 32.0 22.0 0.9668407007773524 0.8019955911358626 0.7288515406162465
22.0 32.0 18.0 0.966586815721764 0.6465619732055717 0.4664187514086094
20.0 32.0 22.0 0.9901027077497666 0.9940242763772176 0.9796451914098973
29.0 32.0 18.0 0.96273349576517 0.6604246432300732 0.4429516185172293
30.0 32.0 18.0 0.8289592760180996 0.5783579742057251 0.3914375217542638
19.0 32.0 22.0 0.9811995386389848 0.9144144144144146 0.8336512983571808
23.0 32.0 20.0 0.8479133287556267 0.6554970626382848 0.5253223468375678
22.0 32.0 19.0 0.9446723426212592 0.8011222910216719 0.6902089783281733
23.0 32.0 19.0 0.9476737440538348 0.6294929806242023 0.4532776424179139
24.0 32.0 19.0 0.9835930047694756 0.7036199095022625 0.4901206636500754
25.0 32.0 19.0 0.9754198330049724 0.7268263057435363 0.639614783966684
30.0 32.0 20.0 0.9693194925028836 0.7336688686169655 0.5417636573345915
16.0 32.0 24.0 0.9689234184239734 0.7418054014058453 0.6920824025812856
33.0 32.0 19.0 0.4811764705882353 0.4291262135922331 0.4038708039850244
29.0 32.0 20.0 0.9802664655605832 0.7468577174459526 0.6094002306805075
19.0 32.0 23.0 0.9878872258962756 0.9139758030871922 0.8551693404634582
23.0 32.0 21.0 0.8362967914438503 0.5962267259845113 0.4794433902593295
24.0 32.0 21.0 0.8375725709278123 0.6210976010515938 0.4802059371234527
18.0 32.0 27.0 0.9866833541927408 0.8957065584854632 0.8729546991210281
31.0 32.0 18.0 0.8702169625246549 0.5604130409560274 0.359740109061376
28.0 32.0 19.0 0.9701125420582436 0.711250713877784 0.5453645535884256
29.0 32.0 21.0 0.9846322285259282 0.7668320340184266 0.6749586581620599
30.0 32.0 21.0 0.9839602793907264 0.8083312294875031 0.676007742152655
29.0 32.0 19.0 0.9796496113238194 0.6862513052558302 0.4668290985033066
30.0 32.0 19.0 0.9701125420582436 0.6864833507367444 0.463905325443787
20.0 32.0 24.0 0.9791405924071755 0.9139758030871922 0.8817697335344395
25.0 32.0 21.0 0.8359202504531225 0.6392022100936595 0.5826292028839027
19.0 32.0 24.0 0.9837361301109592 0.918776306334052 0.878616158505287
24.0 32.0 20.0 0.8886645782573385 0.6294929806242023 0.4596949891067537
25.0 32.0 20.0 0.9831322272498744 0.7127949484878698 0.6493851777999335
28.0 32.0 21.0 0.9839602793907264 0.8083312294875031 0.676007742152655
27.0 32.0 20.0 0.9802664655605832 0.7468577174459526 0.6493851777999335
23.0 32.0 22.0 0.8114192827390024 0.666483415796225 0.5618105185999633
24.0 32.0 22.0 0.8586300888068232 0.657346346610393 0.5325068143849466
25.0 32.0 22.0 0.8872730573710966 0.6881626724763978 0.5491285403050108
33.0 32.0 20.0 0.5286274509803922 0.4818969448244414 0.457437300501596
28.0 32.0 20.0 0.9796496113238194 0.7336688686169655 0.5417636573345915
28.0 32.0 22.0 0.9846322285259282 0.8019955911358626 0.667177166724678
29.0 32.0 22.0 0.9859054209919262 0.8940484429065745 0.8128258362168397
34.0 32.0 20.0 0.4907239819004523 0.3928607340372046 0.3445701357466063
19.0 32.0 25.0 0.9885870043084498 0.923752792256143 0.8893521965748326
20.0 32.0 25.0 0.9837361301109592 0.9151846785225718 0.8703495311167946
24.0 32.0 23.0 0.8387883358471593 0.6415032679738562 0.5321015585721468
25.0 32.0 23.0 0.8586300888068232 0.657346346610393 0.5337742197470703
27.0 32.0 21.0 0.9846322285259282 0.721449188812581 0.5826292028839027
19.0 32.0 26.0 0.9871895424836602 0.9565359477124182 0.9339869281045752
26.0 32.0 22.0 0.8586300888068232 0.6644162210338681 0.5826292028839027
27.0 32.0 22.0 0.9245865302642796 0.7239556692242114 0.5890878090366581
20.0 32.0 26.0 0.9868107242897158 0.923752792256143 0.8893521965748326
19.0 32.0 27.0 0.992717086834734 0.9546218487394958 0.9358543417366948
20.0 32.0 27.0 0.9871895424836602 0.9565359477124182 0.9339869281045752
26.0 32.0 23.0 0.8872730573710966 0.7119006018248885 0.631896719083673
