5 9 24 0 0 0
5 9 25 0 0 0
5 10 24 0 0 0
5 10 25 0 0 0
5 11 24 0 0 0
6 9 23 0 0 0
6 9 24 0 0 0
6 9 25 0 0 0
6 10 23 0 0 0
6 10 24 0 0 0
6 10 25 0 0 0
6 11 23 0 0 0
6 11 24 0 0 0
6 12 23 0 0 0
6 12 24 0 0 0
6 13 23 0 0 0
6 13 24 1 1 1
6 14 23 0 0 0
6 15 18 1 1 1
6 15 23 0 0 0
6 16 18 1 1 1
6 17 18 0 0 0
6 19 18 1 1 1
6 21 18 1 1 1
6 22 18 0 0 0
6 23 18 0 0 0
7 9 23 0 0 0
7 9 24 0 0 0
7 10 23 0 0 0
7 10 24 0 0 0
7 11 23 0 0 0
7 11 24 0 0 0
7 12 23 0 0 0
7 12 24 0 0 0
7 13 23 0 0 0
7 14 23 0 0 0
7 15 18 0 0 0
7 15 19 0 0 0
7 15 20 0 0 0
7 15 21 0 0 0
7 15 22 0 0 0
7 15 23 0 0 0
7 16 18 0 0 0
7 16 19 0 0 0
7 16 20 0 0 0
7 16 21 0 0 0
7 16 22 0 0 0
7 17 18 0 0 0
7 17 19 0 0 0
7 17 20 0 0 0
7 17 21 0 0 0
7 17 22 0 0 0
7 18 18 0 0 0
7 18 19 0 0 0
7 18 20 0 0 0
7 18 21 0 0 0
7 18 22 0 0 0
7 19 18 0 0 0
7 19 19 0 0 0
7 19 20 0 0 0
7 19 21 0 0 0
7 19 22 0 0 0
7 20 18 0 0 0
7 20 19 0 0 0
7 20 20 0 0 0
7 20 21 0 0 0
7 20 22 0 0 0
7 21 18 0 0 0
7 21 19 0 0 0
7 21 20 0 0 0
7 21 21 0 0 0
7 21 22 0 0 0
7 22 18 0 0 0
7 22 19 0 0 0
7 22 20 0 0 0
7 22 21 0 0 0
7 22 22 0 0 0
7 22 23 1 1 1
7 23 17 0 0 0
7 23 18 0 0 0
7 23 19 0 0 0
7 23 20 0 0 0
7 23 21 0 0 0
7 23 22 0 0 0
8 15 22 0 0 0
8 16 22 0 0 0
8 17 22 0 0 0
8 18 22 0 0 0
8 19 22 0 0 0
8 20 22 0 0 0
8 21 22 0 0 0
8 22 22 0 0 0
8 23 15 0 0 0
8 23 16 0 0 0
8 23 17 0 0 0
8 23 18 0 0 0
8 23 19 0 0 0
8 23 20 0 0 0
8 23 21 0 0 0
8 23 22 0 0 0
9 9 22 0 0 0
9 9 23 0 0 0
9 10 22 0 0 0
9 10 23 0 0 0
9 11 22 0 0 0
9 11 23 0 0 0
9 11 24 0 0 0
9 12 22 0 0 0
9 12 23 0 0 0
9 13 22 0 0 0
9 14 22 0 0 0
9 14 23 0 0 0
9 15 22 0 0 0
9 15 23 0 0 0
9 16 22 1 1 1
9 16 23 0 0 0
9 17 22 1 1 1
9 17 23 0 0 0
9 18 22 1 1 1
9 18 23 0 0 0
9 19 23 0 0 0
9 20 23 0 0 0
9 21 23 0 0 0
9 22 22 1 1 1
9 22 23 0 0 0
9 23 13 1 1 1
9 23 14 0 0 0
9 23 15 0 0 0
9 23 16 0 0 0
9 23 17 0 0 0
9 23 18 0 0 0
9 23 19 0 0 0
9 23 20 0 0 0
9 23 22 1 1 1
9 23 23 0 0 0
9 24 14 1 1 1
10 9 22 0 0 0
10 10 22 0 0 0
10 11 22 0 0 0
10 11 23 0 0 0
10 12 22 0 0 0
10 12 23 0 0 0
10 13 22 0 0 0
10 14 22 0 0 0
10 15 22 0 0 0
10 15 23 0 0 0
10 16 22 0 0 0
10 16 23 0 0 0
10 17 22 0 0 0
10 17 23 0 0 0
10 18 22 0 0 0
10 18 23 0 0 0
10 19 22 0 0 0
10 19 23 0 0 0
10 20 22 0 0 0
10 20 23 0 0 0
10 21 22 0 0 0
10 21 23 0 0 0
10 22 22 0 0 0
10 22 23 0 0 0
10 23 12 1 1 1
10 23 13 0 0 0
10 23 14 0 0 0
10 23 15 0 0 0
10 23 16 0 0 0
10 23 17 0 0 0
10 23 18 0 0 0
10 23 20 0 0 0
10 23 21 0 0 0
10 23 22 0 0 0
10 23 23 0 0 0
10 24 12 0 0 0
10 24 13 0 0 0
11 9 22 0 0 0
11 10 22 0 0 0
11 11 22 0 0 0
11 11 23 0 0 0
11 12 22 0 0 0
11 13 22 0 0 0
11 14 22 0 0 0
11 15 22 0 0 0
11 16 22 0 0 0
11 17 22 0 0 0
11 18 22 0 0 0
11 19 22 0 0 0
11 20 22 0 0 0
11 21 22 0 0 0
11 22 22 0 0 0
11 23 12 0 0 0
11 23 13 0 0 0
11 23 14 0 0 0
11 23 15 0 0 0
11 23 16 0 0 0
11 23 17 1 1 1
11 23 18 0 0 0
11 23 19 0 0 0
11 23 20 0 0 0
11 23 21 0 0 0
11 23 22 0 0 0
11 24 10 0 0 0
11 24 11 0 0 0
11 24 12 0 0 0
11 24 13 1 1 1
12 9 22 0 0 0
12 10 22 0 0 0
12 11 22 0 0 0
12 11 23 0 0 0
12 12 22 0 0 0
12 13 22 0 0 0
12 14 22 0 0 0
12 15 22 0 0 0
12 16 22 0 0 0
12 17 22 0 0 0
12 18 22 0 0 0
12 19 22 0 0 0
12 20 22 0 0 0
12 21 22 0 0 0
12 22 22 0 0 0
12 23 8 1 1 1
12 23 9 0 0 0
12 23 10 1 1 1
12 23 12 0 0 0
12 23 13 0 0 0
12 23 14 0 0 0
12 23 15 0 0 0
12 23 16 0 0 0
12 23 17 0 0 0
12 23 18 0 0 0
12 23 19 0 0 0
12 23 20 0 0 0
12 23 21 0 0 0
12 23 22 0 0 0
12 24 10 0 0 0
12 24 11 0 0 0
12 24 12 0 0 0
12 24 13 0 0 0
13 9 22 0 0 0
13 10 22 0 0 0
13 11 21 0 0 0
13 11 22 0 0 0
13 11 23 1 1 1
13 12 21 0 0 0
13 12 22 0 0 0
13 13 10 0 0 0
13 13 11 0 0 0
13 13 21 0 0 0
13 13 22 0 0 0
13 14 10 0 0 0
13 14 11 0 0 0
13 14 21 0 0 0
13 14 22 0 0 0
13 15 10 0 0 0
13 15 11 0 0 0
13 15 21 0 0 0
13 15 22 0 0 0
13 16 10 0 0 0
13 16 11 0 0 0
13 16 21 0 0 0
13 16 22 0 0 0
13 17 10 0 0 0
13 17 11 0 0 0
13 17 21 0 0 0
13 17 22 0 0 0
13 18 10 0 0 0
13 18 11 0 0 0
13 18 21 0 0 0
13 18 22 0 0 0
13 19 10 0 0 0
13 19 11 0 0 0
13 19 21 0 0 0
13 19 22 0 0 0
13 20 10 0 0 0
13 20 11 0 0 0
13 20 21 0 0 0
13 20 22 0 0 0
13 21 10 0 0 0
13 21 11 0 0 0
13 21 21 0 0 0
13 21 22 0 0 0
13 22 10 0 0 0
13 22 11 0 0 0
13 22 21 0 0 0
13 22 22 0 0 0
13 23 7 0 0 0
13 23 8 0 0 0
13 23 9 0 0 0
13 23 10 0 0 0
13 23 11 0 0 0
13 23 13 0 0 0
13 23 14 0 0 0
13 23 15 0 0 0
13 23 16 0 0 0
13 23 17 0 0 0
13 23 18 0 0 0
13 23 19 0 0 0
13 23 20 0 0 0
13 23 21 0 0 0
13 23 22 0 0 0
13 24 7 0 0 0
13 24 8 0 0 0
13 24 9 0 0 0
13 24 11 0 0 0
13 24 12 1 1 1
13 24 13 1 1 1
13 24 14 0 0 0
14 11 22 1 1 1
14 12 10 1 1 1
14 12 11 0 0 0
14 12 21 1 1 1
14 12 22 0 0 0
14 13 10 0 0 0
14 13 11 0 0 0
14 13 21 0 0 0
14 13 22 0 0 0
14 14 10 0 0 0
14 14 11 0 0 0
14 14 21 0 0 0
14 15 10 0 0 0
14 15 11 0 0 0
14 15 21 0 0 0
14 16 10 0 0 0
14 16 11 0 0 0
14 16 21 0 0 0
14 17 10 0 0 0
14 17 11 0 0 0
14 17 21 0 0 0
14 18 10 0 0 0
14 18 11 0 0 0
14 18 21 0 0 0
14 19 10 0 0 0
14 19 11 0 0 0
14 19 21 0 0 0
14 20 10 0 0 0
14 20 11 0 0 0
14 20 21 0 0 0
14 21 10 0 0 0
14 21 11 0 0 0
14 21 21 0 0 0
14 22 10 0 0 0
14 22 11 0 0 0
14 22 21 0 0 0
14 23 9 0 0 0
14 23 10 0 0 0
14 23 11 0 0 0
14 23 12 0 0 0
14 23 13 0 0 0
14 23 14 0 0 0
14 23 15 0 0 0
14 23 16 0 0 0
14 23 17 0 0 0
14 23 18 0 0 0
14 23 19 0 0 0
14 23 20 0 0 0
14 23 21 0 0 0
14 24 6 0 0 0
14 24 7 0 0 0
14 24 8 0 0 0
14 24 9 0 0 0
14 24 10 0 0 0
14 24 11 0 0 0
14 24 12 0 0 0
15 12 13 0 0 0
15 12 14 0 0 0
15 13 13 0 0 0
15 13 14 0 0 0
15 14 13 0 0 0
15 14 14 0 0 0
15 15 13 0 0 0
15 15 14 0 0 0
15 16 13 0 0 0
15 16 14 1 1 1
15 17 13 0 0 0
15 17 14 0 0 0
15 18 13 0 0 0
15 18 14 0 0 0
15 19 13 0 0 0
15 19 14 0 0 0
15 20 13 0 0 0
15 20 14 1 1 1
15 21 13 0 0 0
15 21 14 1 1 1
15 22 13 0 0 0
15 22 14 0 0 0
15 23 12 0 0 0
15 23 13 0 0 0
15 23 14 0 0 0
15 23 15 0 0 0
15 23 16 0 0 0
15 23 17 1 1 1
15 24 6 0 0 0
15 24 7 0 0 0
15 24 8 0 0 0
15 24 9 0 0 0
15 24 10 0 0 0
15 24 11 0 0 0
15 24 12 0 0 0
15 24 13 0 0 0
15 24 14 0 0 0
16 11 15 1 1 1
16 11 16 0 0 0
16 12 13 0 0 0
16 12 14 0 0 0
16 12 15 0 0 0
16 12 16 0 0 0
16 13 13 0 0 0
16 13 14 0 0 0
16 13 15 0 0 0
16 13 16 0 0 0
16 14 13 0 0 0
16 14 14 0 0 0
16 14 15 0 0 0
16 14 16 0 0 0
16 15 13 0 0 0
16 15 14 0 0 0
16 15 15 0 0 0
16 15 16 0 0 0
16 16 13 0 0 0
16 16 14 0 0 0
16 16 15 0 0 0
16 16 16 0 0 0
16 17 13 0 0 0
16 17 14 0 0 0
16 17 15 0 0 0
16 17 16 0 0 0
16 18 13 0 0 0
16 18 14 0 0 0
16 18 15 0 0 0
16 18 16 0 0 0
16 19 13 0 0 0
16 19 14 0 0 0
16 19 15 0 0 0
16 19 16 0 0 0
16 20 13 0 0 0
16 20 14 0 0 0
16 20 15 0 0 0
16 20 16 0 0 0
16 21 13 0 0 0
16 21 14 0 0 0
16 21 15 0 0 0
16 21 16 0 0 0
16 22 13 0 0 0
16 22 14 0 0 0
16 22 15 0 0 0
16 22 16 0 0 0
16 23 13 0 0 0
16 23 14 0 0 0
16 23 15 0 0 0
16 23 16 0 0 0
16 24 6 0 0 0
16 24 7 0 0 0
16 24 8 0 0 0
16 24 9 0 0 0
16 24 10 0 0 0
16 24 11 0 0 0
16 24 12 0 0 0
16 24 13 0 0 0
16 24 14 0 0 0
16 24 15 0 0 0
16 24 16 0 0 0
17 10 18 0 0 0
17 10 19 0 0 0
17 11 16 0 0 0
17 11 17 0 0 0
17 11 18 0 0 0
17 11 19 0 0 0
17 12 16 0 0 0
17 12 17 0 0 0
17 12 18 0 0 0
17 12 19 0 0 0
17 13 16 0 0 0
17 13 17 0 0 0
17 13 18 0 0 0
17 13 19 0 0 0
17 14 16 0 0 0
17 14 17 0 0 0
17 14 18 0 0 0
17 14 19 0 0 0
17 15 16 0 0 0
17 15 17 0 0 0
17 15 18 0 0 0
17 15 19 0 0 0
17 16 16 0 0 0
17 16 17 0 0 0
17 16 18 0 0 0
17 16 19 0 0 0
17 17 16 0 0 0
17 17 17 0 0 0
17 17 18 0 0 0
17 17 19 0 0 0
17 18 16 0 0 0
17 18 17 0 0 0
17 18 18 0 0 0
17 18 19 0 0 0
17 19 16 0 0 0
17 19 17 0 0 0
17 19 18 0 0 0
17 19 19 0 0 0
17 20 16 0 0 0
17 20 17 0 0 0
17 20 18 0 0 0
17 21 16 0 0 0
17 21 17 0 0 0
17 21 18 0 0 0
17 21 19 1 1 1
17 22 16 0 0 0
17 22 17 0 0 0
17 22 18 0 0 0
17 22 19 1 1 1
17 23 15 1 1 1
17 23 16 0 0 0
17 23 17 0 0 0
17 23 18 0 0 0
17 23 19 0 0 0
17 24 6 0 0 0
17 24 7 0 0 0
17 24 8 0 0 0
17 24 9 0 0 0
17 24 10 0 0 0
17 24 11 0 0 0
17 24 12 0 0 0
17 24 13 0 0 0
17 24 14 0 0 0
17 24 15 0 0 0
17 24 16 0 0 0
17 24 17 0 0 0
18 10 19 0 0 0
18 11 19 0 0 0
18 12 19 0 0 0
18 13 19 0 0 0
18 14 19 0 0 0
18 15 19 0 0 0
18 16 19 0 0 0
18 17 18 0 0 0
18 17 19 0 0 0
18 18 18 0 0 0
18 18 19 0 0 0
18 19 18 0 0 0
18 19 19 0 0 0
18 20 18 0 0 0
18 20 19 0 0 0
18 21 18 0 0 0
18 21 19 0 0 0
18 22 18 1 1 1
18 22 19 0 0 0
18 23 16 0 0 0
18 23 17 0 0 0
18 23 18 0 0 0
18 23 19 0 0 0
18 24 6 0 0 0
18 24 7 0 0 0
18 24 8 0 0 0
18 24 9 0 0 0
18 24 10 0 0 0
18 24 11 0 0 0
18 24 12 0 0 0
18 24 13 0 0 0
18 24 14 0 0 0
18 24 15 0 0 0
18 24 16 0 0 0
18 24 17 0 0 0
19 10 18 0 0 0
19 10 19 0 0 0
19 11 18 0 0 0
19 11 19 0 0 0
19 12 18 0 0 0
19 12 19 0 0 0
19 13 18 0 0 0
19 13 19 0 0 0
19 14 18 0 0 0
19 14 19 0 0 0
19 15 18 1 1 1
19 15 19 0 0 0
19 16 19 0 0 0
19 17 19 0 0 0
19 18 19 0 0 0
19 19 19 0 0 0
19 20 19 0 0 0
19 21 19 0 0 0
19 22 18 0 0 0
19 22 19 0 0 0
19 23 17 0 0 0
19 23 18 0 0 0
19 23 19 0 0 0
19 24 6 0 0 0
19 24 7 0 0 0
19 24 8 0 0 0
19 24 9 0 0 0
19 24 10 0 0 0
19 24 11 0 0 0
19 24 12 0 0 0
19 24 13 0 0 0
19 24 14 0 0 0
19 24 15 0 0 0
19 24 16 0 0 0
19 24 17 0 0 0
20 10 18 0 0 0
20 11 18 0 0 0
20 11 19 1 1 1
20 12 18 0 0 0
20 13 18 0 0 0
20 14 18 0 0 0
20 15 18 0 0 0
20 15 19 1 1 1
20 16 18 0 0 0
20 16 19 0 0 0
20 17 18 0 0 0
20 17 19 0 0 0
20 18 13 0 0 0
20 18 14 0 0 0
20 18 15 0 0 0
20 18 18 0 0 0
20 18 19 0 0 0
20 19 15 0 0 0
20 19 18 0 0 0
20 19 19 0 0 0
20 20 18 0 0 0
20 20 19 0 0 0
20 21 18 0 0 0
20 21 19 0 0 0
20 22 18 0 0 0
20 22 19 0 0 0
20 23 13 1 1 1
20 23 14 0 0 0
20 23 15 0 0 0
20 23 16 1 1 1
20 23 17 0 0 0
20 23 18 0 0 0
20 24 6 0 0 0
20 24 7 0 0 0
20 24 8 0 0 0
20 24 9 0 0 0
20 24 10 0 0 0
20 24 11 0 0 0
20 24 12 0 0 0
20 24 13 0 0 0
20 24 14 0 0 0
20 24 15 0 0 0
20 24 16 0 0 0
20 24 17 0 0 0
21 10 18 0 0 0
21 11 18 0 0 0
21 12 18 0 0 0
21 13 18 0 0 0
21 14 18 0 0 0
21 15 15 0 0 0
21 15 18 0 0 0
21 16 15 0 0 0
21 16 16 0 0 0
21 16 18 0 0 0
21 17 15 0 0 0
21 17 16 0 0 0
21 17 18 0 0 0
21 18 10 0 0 0
21 18 11 0 0 0
21 18 12 0 0 0
21 18 13 0 0 0
21 18 14 0 0 0
21 18 15 0 0 0
21 18 16 1 1 1
21 18 18 0 0 0
21 19 9 0 0 0
21 19 10 0 0 0
21 19 11 0 0 0
21 19 13 0 0 0
21 19 14 0 0 0
21 19 15 0 0 0
21 19 18 0 0 0
21 20 9 0 0 0
21 20 10 0 0 0
21 20 11 0 0 0
21 20 12 0 0 0
21 20 13 0 0 0
21 20 14 0 0 0
21 20 15 1 1 1
21 20 18 0 0 0
21 21 9 0 0 0
21 21 10 0 0 0
21 21 11 0 0 0
21 21 12 0 0 0
21 21 13 0 0 0
21 21 18 0 0 0
21 22 9 0 0 0
21 22 10 0 0 0
21 22 18 0 0 0
21 23 10 0 0 0
21 23 11 0 0 0
21 23 12 0 0 0
21 23 13 0 0 0
21 23 14 0 0 0
21 23 15 0 0 0
21 23 16 1 1 1
21 23 17 0 0 0
21 23 18 0 0 0
21 24 6 0 0 0
21 24 7 0 0 0
21 24 8 0 0 0
21 24 9 0 0 0
21 24 10 0 0 0
21 24 11 0 0 0
21 24 12 0 0 0
21 24 13 0 0 0
21 24 14 0 0 0
21 24 15 0 0 0
21 24 16 0 0 0
21 24 17 0 0 0
22 10 17 1 1 1
22 10 18 0 0 0
22 11 18 0 0 0
22 12 18 0 0 0
22 13 18 0 0 0
22 14 18 0 0 0
22 15 15 0 0 0
22 15 16 0 0 0
22 15 18 0 0 0
22 16 15 0 0 0
22 17 15 0 0 0
22 18 14 0 0 0
22 18 15 0 0 0
22 19 9 0 0 0
22 19 10 0 0 0
22 19 11 1 1 1
22 19 13 0 0 0
22 19 14 0 0 0
22 19 18 1 1 1
22 20 8 0 0 0
22 20 9 0 0 0
22 20 10 0 0 0
22 20 11 0 0 0
22 20 12 0 0 0
22 20 13 0 0 0
22 20 18 0 0 0
22 21 9 0 0 0
22 21 10 0 0 0
22 21 11 0 0 0
22 21 18 0 0 0
22 22 9 0 0 0
22 22 10 0 0 0
22 22 18 0 0 0
22 23 10 0 0 0
22 23 16 1 1 1
22 23 17 0 0 0
22 23 18 0 0 0
22 24 6 0 0 0
22 24 7 0 0 0
22 24 8 0 0 0
22 24 9 0 0 0
22 24 10 0 0 0
22 24 11 0 0 0
22 24 12 0 0 0
22 24 13 0 0 0
22 24 14 0 0 0
22 24 15 0 0 0
22 24 16 0 0 0
22 24 17 0 0 0
22 24 18 1 1 1
23 10 17 0 0 0
23 10 18 0 0 0
23 11 17 0 0 0
23 11 18 0 0 0
23 12 17 0 0 0
23 12 18 0 0 0
23 13 17 0 0 0
23 13 18 0 0 0
23 14 17 0 0 0
23 14 18 0 0 0
23 15 15 0 0 0
23 15 16 0 0 0
23 15 17 0 0 0
23 15 18 0 0 0
23 16 15 0 0 0
23 17 15 0 0 0
23 18 14 0 0 0
23 18 15 0 0 0
23 19 9 0 0 0
23 19 13 0 0 0
23 19 14 0 0 0
23 19 15 1 1 1
23 20 8 0 0 0
23 20 9 0 0 0
23 20 10 0 0 0
23 20 11 0 0 0
23 20 12 0 0 0
23 20 13 0 0 0
23 20 14 1 1 1
23 21 9 0 0 0
23 21 10 0 0 0
23 21 11 0 0 0
23 22 17 0 0 0
23 22 18 0 0 0
23 23 16 0 0 0
23 23 17 0 0 0
23 23 18 0 0 0
23 24 6 0 0 0
23 24 7 0 0 0
23 24 8 0 0 0
23 24 9 0 0 0
23 24 10 0 0 0
23 24 11 0 0 0
23 24 12 0 0 0
23 24 13 0 0 0
23 24 14 0 0 0
23 24 15 0 0 0
23 24 16 0 0 0
23 24 17 0 0 0
24 11 17 0 0 0
24 12 17 0 0 0
24 13 17 0 0 0
24 14 17 0 0 0
24 15 15 0 0 0
24 15 16 0 0 0
24 15 17 0 0 0
24 16 15 0 0 0
24 17 15 0 0 0
24 18 15 0 0 0
24 19 14 0 0 0
24 19 15 0 0 0
24 20 9 0 0 0
24 20 10 0 0 0
24 20 11 0 0 0
24 20 12 0 0 0
24 20 13 0 0 0
24 20 14 0 0 0
24 21 9 0 0 0
24 21 10 0 0 0
24 21 11 0 0 0
24 22 17 0 0 0
24 23 15 0 0 0
24 23 16 0 0 0
24 23 17 0 0 0
24 24 6 0 0 0
24 24 7 0 0 0
24 24 8 0 0 0
24 24 9 0 0 0
24 24 10 0 0 0
24 24 11 0 0 0
24 24 12 0 0 0
24 24 13 0 0 0
24 24 14 0 0 0
24 24 15 0 0 0
24 24 16 0 0 0
25 11 17 0 0 0
25 12 17 0 0 0
25 13 17 0 0 0
25 14 17 0 0 0
25 15 15 0 0 0
25 15 16 0 0 0
25 15 17 0 0 0
25 16 15 0 0 0
25 16 16 0 0 0
25 17 15 0 0 0
25 17 16 0 0 0
25 18 15 0 0 0
25 19 9 0 0 0
25 19 14 0 0 0
25 19 15 0 0 0
25 20 9 0 0 0
25 20 10 0 0 0
25 20 11 0 0 0
25 20 12 0 0 0
25 20 13 0 0 0
25 20 14 0 0 0
25 21 9 0 0 0
25 21 10 0 0 0
25 21 11 0 0 0
25 22 17 0 0 0
25 23 15 0 0 0
25 23 16 0 0 0
25 23 17 0 0 0
25 24 6 0 0 0
25 24 7 0 0 0
25 24 8 0 0 0
25 24 9 0 0 0
25 24 10 0 0 0
25 24 11 0 0 0
25 24 12 0 0 0
25 24 13 0 0 0
25 24 14 0 0 0
25 24 15 0 0 0
25 24 16 1 1 1
26 11 16 0 0 0
26 11 17 0 0 0
26 12 16 0 0 0
26 12 17 0 0 0
26 13 16 0 0 0
26 13 17 0 0 0
26 14 16 0 0 0
26 14 17 0 0 0
26 15 16 0 0 0
26 15 17 0 0 0
26 16 16 0 0 0
26 16 17 0 0 0
26 17 15 1 1 1
26 17 16 0 0 0
26 17 17 0 0 0
26 18 11 0 0 0
26 18 12 0 0 0
26 18 13 0 0 0
26 18 14 0 0 0
26 18 15 0 0 0
26 18 16 0 0 0
26 18 17 0 0 0
26 19 9 0 0 0
26 19 10 0 0 0
26 19 11 0 0 0
26 19 12 0 0 0
26 19 14 0 0 0
26 19 15 0 0 0
26 19 16 0 0 0
26 19 17 0 0 0
26 20 9 0 0 0
26 20 10 0 0 0
26 20 11 0 0 0
26 20 12 0 0 0
26 20 13 0 0 0
26 20 14 0 0 0
26 20 15 1 1 1
26 20 16 1 1 1
26 20 17 0 0 0
26 21 9 1 1 1
26 21 10 0 0 0
26 21 11 1 1 1
26 22 10 0 0 0
26 22 11 0 0 0
26 22 16 0 0 0
26 22 17 0 0 0
26 23 11 0 0 0
26 23 12 0 0 0
26 23 13 0 0 0
26 23 14 0 0 0
26 23 15 0 0 0
26 23 16 0 0 0
26 23 17 0 0 0
26 24 6 0 0 0
26 24 7 0 0 0
26 24 8 0 0 0
26 24 9 0 0 0
26 24 10 0 0 0
26 24 11 0 0 0
26 24 12 0 0 0
26 24 13 0 0 0
26 24 14 0 0 0
26 24 15 0 0 0
26 24 16 0 0 0
27 11 16 0 0 0
27 12 16 0 0 0
27 13 16 0 0 0
27 14 16 0 0 0
27 15 16 0 0 0
27 16 16 0 0 0
27 17 16 0 0 0
27 18 11 0 0 0
27 18 12 0 0 0
27 18 13 0 0 0
27 18 14 1 1 1
27 18 16 0 0 0
27 19 10 0 0 0
27 19 11 0 0 0
27 19 12 0 0 0
27 19 16 0 0 0
27 19 17 1 1 1
27 20 9 0 0 0
27 20 10 0 0 0
27 20 11 0 0 0
27 20 16 0 0 0
27 20 17 1 1 1
27 21 10 0 0 0
27 21 11 0 0 0
27 21 16 0 0 0
27 22 10 0 0 0
27 22 11 0 0 0
27 22 16 0 0 0
27 22 17 1 1 1
27 23 11 0 0 0
27 23 12 0 0 0
27 23 13 0 0 0
27 23 14 0 0 0
27 23 15 0 0 0
27 23 16 0 0 0
27 24 6 0 0 0
27 24 7 0 0 0
27 24 8 0 0 0
27 24 9 0 0 0
27 24 10 0 0 0
27 24 11 0 0 0
27 24 12 0 0 0
27 24 13 0 0 0
27 24 14 0 0 0
28 11 16 0 0 0
28 12 16 0 0 0
28 13 16 0 0 0
28 14 16 0 0 0
28 15 16 0 0 0
28 16 16 0 0 0
28 17 16 0 0 0
28 18 16 0 0 0
28 19 10 0 0 0
28 19 11 0 0 0
28 19 12 0 0 0
28 19 16 0 0 0
28 20 10 0 0 0
28 20 11 0 0 0
28 20 12 0 0 0
28 20 16 0 0 0
28 21 10 0 0 0
28 21 11 0 0 0
28 21 12 0 0 0
28 21 16 0 0 0
28 22 10 0 0 0
28 22 11 0 0 0
28 22 12 0 0 0
28 22 16 0 0 0
28 23 10 0 0 0
28 23 11 0 0 0
28 23 12 0 0 0
28 23 14 0 0 0
28 23 15 0 0 0
28 23 16 0 0 0
28 24 5 0 0 0
28 24 6 0 0 0
28 24 7 0 0 0
28 24 8 0 0 0
28 24 9 0 0 0
28 24 10 0 0 0
28 24 11 0 0 0
28 24 12 0 0 0
28 24 13 0 0 0
28 24 14 0 0 0
28 24 15 1 1 1
29 11 15 0 0 0
29 11 16 0 0 0
29 12 15 1 1 1
29 12 16 0 0 0
29 13 15 0 0 0
29 13 16 0 0 0
29 14 15 0 0 0
29 14 16 0 0 0
29 15 15 0 0 0
29 15 16 0 0 0
29 16 15 1 1 1
29 16 16 0 0 0
29 17 15 1 1 1
29 17 16 0 0 0
29 18 16 0 0 0
29 19 10 0 0 0
29 19 11 0 0 0
29 19 12 0 0 0
29 19 13 0 0 0
29 19 14 0 0 0
29 19 15 0 0 0
29 19 16 0 0 0
29 20 10 0 0 0
29 20 12 0 0 0
29 20 13 0 0 0
29 20 14 0 0 0
29 20 15 0 0 0
29 20 16 0 0 0
29 21 10 0 0 0
29 21 12 0 0 0
29 21 13 0 0 0
29 21 14 0 0 0
29 21 15 0 0 0
29 21 16 0 0 0
29 22 10 0 0 0
29 22 12 0 0 0
29 22 13 0 0 0
29 22 14 0 0 0
29 22 15 0 0 0
29 22 16 0 0 0
29 23 10 0 0 0
29 23 11 0 0 0
29 23 12 0 0 0
29 23 13 0 0 0
29 23 14 0 0 0
29 23 15 0 0 0
29 23 16 0 0 0
29 24 5 0 0 0
29 24 6 0 0 0
29 24 7 0 0 0
29 24 8 0 0 0
29 24 9 0 0 0
29 24 10 0 0 0
29 24 11 0 0 0
29 24 12 0 0 0
29 24 13 0 0 0
29 24 14 0 0 0
29 24 15 1 1 1
30 11 15 0 0 0
30 12 15 0 0 0
30 12 16 0 0 0
30 13 15 0 0 0
30 14 15 0 0 0
30 15 15 0 0 0
30 16 15 0 0 0
30 16 16 1 1 1
30 17 15 0 0 0
30 17 16 1 1 1
30 18 15 0 0 0
30 18 16 0 0 0
30 19 10 0 0 0
30 19 11 0 0 0
30 19 12 0 0 0
30 19 13 0 0 0
30 19 14 0 0 0
30 19 15 0 0 0
30 19 16 0 0 0
30 20 10 0 0 0
30 20 15 0 0 0
30 20 16 0 0 0
30 21 10 0 0 0
30 21 15 0 0 0
30 21 16 0 0 0
30 22 10 0 0 0
30 22 15 0 0 0
30 22 16 0 0 0
30 23 10 0 0 0
30 23 11 1 1 1
30 23 14 0 0 0
30 23 15 0 0 0
30 24 6 0 0 0
30 24 7 0 0 0
30 24 8 0 0 0
30 24 9 0 0 0
30 24 10 0 0 0
30 24 11 0 0 0
31 11 15 0 0 0
31 12 15 0 0 0
31 13 15 0 0 0
31 14 15 0 0 0
31 15 15 0 0 0
31 16 15 0 0 0
31 17 15 0 0 0
31 18 14 1 1 1
31 18 15 0 0 0
31 19 9 1 1 1
31 19 10 0 0 0
31 19 11 0 0 0
31 19 12 0 0 0
31 19 13 0 0 0
31 19 14 0 0 0
31 19 15 0 0 0
31 20 10 0 0 0
31 21 10 0 0 0
31 22 10 0 0 0
31 23 10 0 0 0
31 24 7 0 0 0
31 24 8 0 0 0
31 24 9 0 0 0
31 24 10 0 0 0
32 11 14 0 0 0
32 11 15 0 0 0
32 12 14 0 0 0
32 12 15 0 0 0
32 13 14 0 0 0
32 13 15 0 0 0
32 14 14 0 0 0
32 14 15 0 0 0
32 15 14 0 0 0
32 15 15 0 0 0
32 16 15 0 0 0
32 17 15 0 0 0
32 18 15 0 0 0
32 19 9 0 0 0
32 19 10 0 0 0
32 19 11 0 0 0
32 19 12 0 0 0
32 19 13 0 0 0
32 19 14 0 0 0
32 19 15 0 0 0
32 20 9 0 0 0
32 20 10 0 0 0
32 21 9 0 0 0
32 21 10 0 0 0
32 22 9 0 0 0
32 22 10 0 0 0
32 23 9 0 0 0
32 23 10 0 0 0
32 24 7 0 0 0
32 24 8 0 0 0
32 24 9 0 0 0
32 24 10 0 0 0
33 11 14 0 0 0
33 11 15 1 1 1
33 12 14 0 0 0
33 12 15 0 0 0
33 13 14 0 0 0
33 14 14 0 0 0
33 15 14 0 0 0
33 15 15 0 0 0
33 16 14 0 0 0
33 16 15 0 0 0
33 17 14 0 0 0
33 17 15 0 0 0
33 18 13 1 1 1
33 18 14 0 0 0
33 18 15 0 0 0
33 19 9 0 0 0
33 19 10 0 0 0
33 19 11 0 0 0
33 19 12 0 0 0
33 19 13 0 0 0
33 19 14 0 0 0
33 19 15 0 0 0
33 20 9 0 0 0
33 21 9 0 0 0
33 22 9 0 0 0
33 23 9 0 0 0
33 23 10 0 0 0
33 24 8 0 0 0
33 24 9 0 0 0
33 24 10 0 0 0
34 11 14 0 0 0
34 12 14 0 0 0
34 13 14 0 0 0
34 14 14 0 0 0
34 15 13 1 1 1
34 15 14 0 0 0
34 16 14 0 0 0
34 17 14 0 0 0
34 18 13 1 1 1
34 18 14 0 0 0
34 19 9 0 0 0
34 19 10 0 0 0
34 19 11 0 0 0
34 19 12 0 0 0
34 19 13 0 0 0
34 19 14 0 0 0
34 20 9 0 0 0
34 21 9 0 0 0
34 22 9 0 0 0
34 23 9 0 0 0
34 24 9 0 0 0
34 24 10 1 1 1
35 11 14 0 0 0
35 12 13 0 0 0
35 12 14 0 0 0
35 13 13 0 0 0
35 13 14 0 0 0
35 14 13 0 0 0
35 14 14 0 0 0
35 15 13 0 0 0
35 15 14 0 0 0
35 16 14 0 0 0
35 17 14 0 0 0
35 18 13 1 1 1
35 18 14 0 0 0
35 19 10 0 0 0
35 19 11 0 0 0
35 19 12 0 0 0
35 19 13 0 0 0
35 19 14 0 0 0
35 24 9 1 1 1
36 11 13 0 0 0
36 11 14 0 0 0
36 12 13 0 0 0
36 12 14 0 0 0
36 13 13 0 0 0
36 14 13 0 0 0
36 15 13 0 0 0
36 15 14 0 0 0
36 16 11 1 1 1
36 16 13 0 0 0
36 16 14 0 0 0
36 17 11 0 0 0
36 17 13 0 0 0
36 17 14 0 0 0
36 18 12 1 1 1
36 18 13 0 0 0
36 18 14 0 0 0
36 19 10 1 1 1
36 19 11 0 0 0
36 19 12 0 0 0
36 19 13 0 0 0
36 19 14 0 0 0
37 11 13 0 0 0
37 12 13 0 0 0
37 13 13 0 0 0
37 14 13 0 0 0
37 15 13 0 0 0
37 16 11 1 1 1
37 16 13 0 0 0
37 17 11 0 0 0
37 17 13 0 0 0
37 18 11 1 1 1
37 18 12 1 1 1
37 18 13 0 0 0
37 19 11 0 0 0
37 19 12 0 0 0
37 19 13 0 0 0
38 11 13 1 1 1
38 12 13 0 0 0
38 13 13 0 0 0
38 14 13 0 0 0
38 15 12 0 0 0
38 15 13 0 0 0
38 16 13 0 0 0
38 17 13 0 0 0
38 18 12 1 1 1
38 18 13 0 0 0
38 19 12 0 0 0
38 19 13 0 0 0
39 15 13 0 0 0
39 16 13 0 0 0
39 17 13 0 0 0
39 18 13 0 0 0
39 19 13 0 0 0
